0.000000E0	7.415630E-1
1.670000E-2	7.415503E-1
3.340000E-2	7.415605E-1
5.010000E-2	7.415420E-1
6.680000E-2	7.415370E-1
8.350000E-2	7.414794E-1
1.002000E-1	7.414166E-1
1.169000E-1	7.414069E-1
1.336000E-1	7.414186E-1
1.503000E-1	7.414489E-1
1.670000E-1	7.414211E-1
1.837000E-1	7.413526E-1
2.004000E-1	7.411436E-1
2.171000E-1	7.408237E-1
2.338000E-1	7.406608E-1
2.505000E-1	7.404267E-1
2.672000E-1	7.401309E-1
2.839000E-1	7.399451E-1
3.006000E-1	7.398722E-1
3.173000E-1	7.397250E-1
3.340000E-1	7.395852E-1
3.507000E-1	7.395887E-1
3.674000E-1	7.395656E-1
3.841000E-1	7.395887E-1
4.008000E-1	7.394812E-1
4.175000E-1	7.394009E-1
4.342000E-1	7.393706E-1
4.509000E-1	7.393540E-1
4.676000E-1	7.393426E-1
4.843000E-1	7.394129E-1
5.010000E-1	7.394442E-1
5.177000E-1	7.394901E-1
5.344000E-1	7.395657E-1
5.511000E-1	7.396489E-1
5.678000E-1	7.396974E-1
5.845000E-1	7.397390E-1
6.012000E-1	7.397031E-1
6.179000E-1	7.396883E-1
6.346000E-1	7.396748E-1
6.512000E-1	7.396605E-1
6.678000E-1	7.396384E-1
6.846000E-1	7.396088E-1
7.013000E-1	7.396542E-1
7.180000E-1	7.396973E-1
7.347000E-1	7.397730E-1
7.514000E-1	7.397771E-1
7.681000E-1	7.398090E-1
7.848000E-1	7.397673E-1
8.015000E-1	7.397211E-1
8.182000E-1	7.396163E-1
8.349000E-1	7.395850E-1
8.516000E-1	7.395096E-1
8.683000E-1	7.394405E-1
8.850000E-1	7.393739E-1
9.017000E-1	7.391441E-1
9.184000E-1	7.389240E-1
9.351000E-1	7.388176E-1
9.518000E-1	7.387363E-1
9.685000E-1	7.386607E-1
9.852000E-1	7.385590E-1
1.001900E0	7.384914E-1
1.018600E0	7.381283E-1
1.035300E0	7.377674E-1
1.052000E0	7.376283E-1
1.068700E0	7.375072E-1
1.085400E0	7.374389E-1
1.102100E0	7.373989E-1
1.118800E0	7.372678E-1
1.135500E0	7.371735E-1
1.152200E0	7.371243E-1
1.168900E0	7.371660E-1
1.185600E0	7.371309E-1
1.202300E0	7.371044E-1
1.219000E0	7.370602E-1
1.235700E0	7.370285E-1
1.252400E0	7.370781E-1
1.269100E0	7.370451E-1
1.285800E0	7.370463E-1
1.302500E0	7.371272E-1
1.319200E0	7.371750E-1
1.335900E0	7.372060E-1
1.352600E0	7.372793E-1
1.369300E0	7.373174E-1
1.385900E0	7.373034E-1
1.402500E0	7.373597E-1
1.419300E0	7.375137E-1
1.436000E0	7.375639E-1
1.452700E0	7.375705E-1
1.469400E0	7.375726E-1
1.486100E0	7.375880E-1
1.502800E0	7.375682E-1
1.519500E0	7.375633E-1
1.536200E0	7.375719E-1
1.552900E0	7.375898E-1
1.569600E0	7.375631E-1
1.586300E0	7.375693E-1
1.603000E0	7.375447E-1
1.619700E0	7.374247E-1
1.636400E0	7.373229E-1
1.653100E0	7.368655E-1
1.669800E0	7.367267E-1
1.686500E0	7.365757E-1
1.703200E0	7.364488E-1
1.719900E0	7.361210E-1
1.736600E0	7.359335E-1
1.753300E0	7.358377E-1
1.770000E0	7.356750E-1
1.786700E0	7.355508E-1
1.803400E0	7.354709E-1
1.820100E0	7.354385E-1
1.836800E0	7.352831E-1
1.853500E0	7.351050E-1
1.870200E0	7.348264E-1
1.886900E0	7.346915E-1
1.903600E0	7.345345E-1
1.920300E0	7.345415E-1
1.937000E0	7.344980E-1
1.953700E0	7.345920E-1
1.970400E0	7.345898E-1
1.987100E0	7.346156E-1
2.003800E0	7.346240E-1
2.020500E0	7.346044E-1
2.037200E0	7.345941E-1
2.053900E0	7.346067E-1
2.070600E0	7.346578E-1
2.087300E0	7.346607E-1
2.104000E0	7.346626E-1
2.120600E0	7.346876E-1
2.137200E0	7.346796E-1
2.154000E0	7.346750E-1
2.170700E0	7.347723E-1
2.187400E0	7.347291E-1
2.204100E0	7.347360E-1
2.220800E0	7.347314E-1
2.237500E0	7.347053E-1
2.254200E0	7.346592E-1
2.270900E0	7.346483E-1
2.287600E0	7.345939E-1
2.304300E0	7.345740E-1
2.321000E0	7.345806E-1
2.337700E0	7.344712E-1
2.354400E0	7.342349E-1
2.371100E0	7.339993E-1
2.387800E0	7.339462E-1
2.404500E0	7.338852E-1
2.421200E0	7.337839E-1
2.437900E0	7.336390E-1
2.454600E0	7.334142E-1
2.471300E0	7.332117E-1
2.488000E0	7.330113E-1
2.504700E0	7.327745E-1
2.521400E0	7.325645E-1
2.538100E0	7.323076E-1
2.554800E0	7.320422E-1
2.571500E0	7.320268E-1
2.588200E0	7.319144E-1
2.604900E0	7.318824E-1
2.621600E0	7.317287E-1
2.638300E0	7.315170E-1
2.655000E0	7.314975E-1
2.671700E0	7.314753E-1
2.688400E0	7.314162E-1
2.705100E0	7.314333E-1
2.721800E0	7.314760E-1
2.738500E0	7.315422E-1
2.755200E0	7.315541E-1
2.771900E0	7.315694E-1
2.788600E0	7.315701E-1
2.805300E0	7.315781E-1
2.822000E0	7.316269E-1
2.838700E0	7.316254E-1
2.855400E0	7.316349E-1
2.872000E0	7.316531E-1
2.888600E0	7.316507E-1
2.905400E0	7.316188E-1
2.922100E0	7.316147E-1
2.938800E0	7.315916E-1
2.955500E0	7.315814E-1
2.972200E0	7.315693E-1
2.988900E0	7.316332E-1
3.005600E0	7.316135E-1
3.022300E0	7.316102E-1
3.039000E0	7.315860E-1
3.055700E0	7.315696E-1
3.072400E0	7.315343E-1
3.089100E0	7.314789E-1
3.105800E0	7.314647E-1
3.122500E0	7.311681E-1
3.139200E0	7.308628E-1
3.155900E0	7.305797E-1
3.172600E0	7.305429E-1
3.189300E0	7.304776E-1
3.206000E0	7.302951E-1
3.222700E0	7.298260E-1
3.239400E0	7.296961E-1
3.256100E0	7.295711E-1
3.272800E0	7.294938E-1
3.289500E0	7.291439E-1
3.306200E0	7.288537E-1
3.322900E0	7.286081E-1
3.339600E0	7.284378E-1
3.356300E0	7.284704E-1
3.373000E0	7.284290E-1
3.389700E0	7.279581E-1
3.406400E0	7.278827E-1
3.423100E0	7.277420E-1
3.439800E0	7.276544E-1
3.456500E0	7.275908E-1
3.473200E0	7.275982E-1
3.489900E0	7.275928E-1
3.506600E0	7.275552E-1
3.523300E0	7.275690E-1
3.540000E0	7.275831E-1
3.556700E0	7.275501E-1
3.573400E0	7.275213E-1
3.590100E0	7.275300E-1
3.606700E0	7.275626E-1
3.623300E0	7.276315E-1
3.640100E0	7.276525E-1
3.656800E0	7.276461E-1
3.673500E0	7.276574E-1
3.690200E0	7.276535E-1
3.706900E0	7.276560E-1
3.723600E0	7.276750E-1
3.740300E0	7.276599E-1
3.757000E0	7.276216E-1
3.773700E0	7.276100E-1
3.790400E0	7.276134E-1
3.807100E0	7.275627E-1
3.823800E0	7.275958E-1
3.840500E0	7.276169E-1
3.857200E0	7.275461E-1
3.873900E0	7.272789E-1
3.890600E0	7.268457E-1
3.907300E0	7.266994E-1
3.924000E0	7.266055E-1
3.940700E0	7.265425E-1
3.957400E0	7.262713E-1
3.974100E0	7.260079E-1
3.990800E0	7.258415E-1
4.007500E0	7.256812E-1
4.024200E0	7.255273E-1
4.040900E0	7.251018E-1
4.057600E0	7.248290E-1
4.074300E0	7.246816E-1
4.091000E0	7.246058E-1
4.107700E0	7.244097E-1
4.124400E0	7.240378E-1
4.141100E0	7.238389E-1
4.157800E0	7.237533E-1
4.174500E0	7.236526E-1
4.191200E0	7.235833E-1
4.207900E0	7.235201E-1
4.224600E0	7.234611E-1
4.241300E0	7.231641E-1
4.258000E0	7.230331E-1
4.274700E0	7.229887E-1
4.291400E0	7.229281E-1
4.308100E0	7.228062E-1
4.324800E0	7.227725E-1
4.341400E0	7.227275E-1
4.358000E0	7.226542E-1
4.374800E0	7.226213E-1
4.391500E0	7.226121E-1
4.408200E0	7.226515E-1
4.424900E0	7.227083E-1
4.441600E0	7.228117E-1
4.458300E0	7.228112E-1
4.475000E0	7.227099E-1
4.491700E0	7.226292E-1
4.508400E0	7.225933E-1
4.525100E0	7.226045E-1
4.541800E0	7.226313E-1
4.558500E0	7.226368E-1
4.575200E0	7.226343E-1
4.591900E0	7.225558E-1
4.608600E0	7.222737E-1
4.625300E0	7.220943E-1
4.642000E0	7.221573E-1
4.658700E0	7.221905E-1
4.675400E0	7.219447E-1
4.692100E0	7.217764E-1
4.708800E0	7.215411E-1
4.725500E0	7.208405E-1
4.742200E0	7.206715E-1
4.758900E0	7.206772E-1
4.775600E0	7.206178E-1
4.792300E0	7.202961E-1
4.809000E0	7.199118E-1
4.825700E0	7.197481E-1
4.842400E0	7.197099E-1
4.859100E0	7.196663E-1
4.875800E0	7.192391E-1
4.892500E0	7.187862E-1
4.909200E0	7.186321E-1
4.925900E0	7.182841E-1
4.942600E0	7.178953E-1
4.959300E0	7.177155E-1
4.976000E0	7.177365E-1
4.992700E0	7.176570E-1
5.009400E0	7.177049E-1
5.026100E0	7.177076E-1
5.042800E0	7.177030E-1
5.059500E0	7.176845E-1
5.076200E0	7.173258E-1
5.092800E0	7.170592E-1
5.109400E0	7.168441E-1
5.126200E0	7.167161E-1
5.142900E0	7.166615E-1
5.159600E0	7.166793E-1
5.176300E0	7.167112E-1
5.193000E0	7.167429E-1
5.209700E0	7.167973E-1
5.226400E0	7.167865E-1
5.243100E0	7.167645E-1
5.259800E0	7.167281E-1
5.276500E0	7.167093E-1
5.293200E0	7.167113E-1
5.309900E0	7.167121E-1
5.326600E0	7.166242E-1
5.343300E0	7.162887E-1
5.360000E0	7.158622E-1
5.376700E0	7.158248E-1
5.393400E0	7.158336E-1
5.410100E0	7.157955E-1
5.426800E0	7.158196E-1
5.443500E0	7.157818E-1
5.460200E0	7.156828E-1
5.476900E0	7.151533E-1
5.493600E0	7.147908E-1
5.510300E0	7.147129E-1
5.527000E0	7.146995E-1
5.543700E0	7.143501E-1
5.560400E0	7.138927E-1
5.577100E0	7.137910E-1
5.593800E0	7.137233E-1
5.610500E0	7.133918E-1
5.627200E0	7.130536E-1
5.643900E0	7.127770E-1
5.660600E0	7.126695E-1
5.677300E0	7.126265E-1
5.694000E0	7.122176E-1
5.710700E0	7.118715E-1
5.727400E0	7.117505E-1
5.744100E0	7.116482E-1
5.760800E0	7.112765E-1
5.777500E0	7.110751E-1
5.794200E0	7.108469E-1
5.810900E0	7.107642E-1
5.827500E0	7.107355E-1
5.844100E0	7.107065E-1
5.860900E0	7.107059E-1
5.877600E0	7.106342E-1
5.894300E0	7.105214E-1
5.911000E0	7.102212E-1
5.927700E0	7.099861E-1
5.944400E0	7.098805E-1
5.961100E0	7.098281E-1
5.977800E0	7.097973E-1
5.994500E0	7.098270E-1
6.011200E0	7.098223E-1
6.027900E0	7.098188E-1
6.044600E0	7.098181E-1
6.061300E0	7.098148E-1
6.078000E0	7.097969E-1
6.094700E0	7.097513E-1
6.111400E0	7.095467E-1
6.128100E0	7.091473E-1
6.144800E0	7.090052E-1
6.161500E0	7.088341E-1
6.178200E0	7.087942E-1
6.194900E0	7.087784E-1
6.211600E0	7.087770E-1
6.228300E0	7.087872E-1
6.245000E0	7.087706E-1
6.261700E0	7.087070E-1
6.278400E0	7.081979E-1
6.295100E0	7.079912E-1
6.311800E0	7.078372E-1
6.328500E0	7.077202E-1
6.345200E0	7.072864E-1
6.361900E0	7.069714E-1
6.378600E0	7.068542E-1
6.395300E0	7.068036E-1
6.412000E0	7.064573E-1
6.428700E0	7.061347E-1
6.445400E0	7.059068E-1
6.462100E0	7.058363E-1
6.478800E0	7.056601E-1
6.495500E0	7.050354E-1
6.512200E0	7.047865E-1
6.528900E0	7.046920E-1
6.545600E0	7.044326E-1
6.562300E0	7.040703E-1
6.578900E0	7.039022E-1
6.595500E0	7.038224E-1
6.612300E0	7.038032E-1
6.629000E0	7.037902E-1
6.645700E0	7.033852E-1
6.662400E0	7.031745E-1
6.679100E0	7.029936E-1
6.695800E0	7.028806E-1
6.712500E0	7.028203E-1
6.729200E0	7.027871E-1
6.745900E0	7.026991E-1
6.762600E0	7.024982E-1
6.779300E0	7.023549E-1
6.796000E0	7.022592E-1
6.812700E0	7.022742E-1
6.829400E0	7.022009E-1
6.846100E0	7.021965E-1
6.862800E0	7.022174E-1
6.879500E0	7.022704E-1
6.896200E0	7.022434E-1
6.912900E0	7.022387E-1
6.929600E0	7.021867E-1
6.946300E0	7.018290E-1
6.963000E0	7.015955E-1
6.979700E0	7.013938E-1
6.996400E0	7.013239E-1
7.013100E0	7.012817E-1
7.029800E0	7.013016E-1
7.046500E0	7.012924E-1
7.063200E0	7.012721E-1
7.079900E0	7.008954E-1
7.096600E0	7.005469E-1
7.113300E0	7.004205E-1
7.130000E0	7.003769E-1
7.146700E0	6.999327E-1
7.163400E0	6.994698E-1
7.180100E0	6.993516E-1
7.196800E0	6.993188E-1
7.213500E0	6.992671E-1
7.230200E0	6.987670E-1
7.246900E0	6.986193E-1
7.263600E0	6.984583E-1
7.280300E0	6.982837E-1
7.297000E0	6.975956E-1
7.313600E0	6.973999E-1
7.330200E0	6.973170E-1
7.347000E0	6.969311E-1
7.363700E0	6.965174E-1
7.380400E0	6.964709E-1
7.397100E0	6.964218E-1
7.413800E0	6.960728E-1
7.430500E0	6.956285E-1
7.447200E0	6.954279E-1
7.463900E0	6.953393E-1
7.480600E0	6.953037E-1
7.497300E0	6.949467E-1
7.514000E0	6.946898E-1
7.530700E0	6.945052E-1
7.547400E0	6.944186E-1
7.564100E0	6.943963E-1
7.580800E0	6.943040E-1
7.597500E0	6.941218E-1
7.614200E0	6.938192E-1
7.630900E0	6.937244E-1
7.647600E0	6.935150E-1
7.664300E0	6.934126E-1
7.681000E0	6.933768E-1
7.697700E0	6.933604E-1
7.714400E0	6.933818E-1
7.731100E0	6.931857E-1
7.747800E0	6.927408E-1
7.764500E0	6.926260E-1
7.781200E0	6.924244E-1
7.797900E0	6.924041E-1
7.814600E0	6.923821E-1
7.831300E0	6.924120E-1
7.848000E0	6.923225E-1
7.864700E0	6.920340E-1
7.881400E0	6.916767E-1
7.898100E0	6.913757E-1
7.914800E0	6.913717E-1
7.931500E0	6.913571E-1
7.948200E0	6.912169E-1
7.964900E0	6.907952E-1
7.981600E0	6.906257E-1
7.998300E0	6.904879E-1
8.015000E0	6.904168E-1
8.031700E0	6.897699E-1
8.048300E0	6.894669E-1
8.064900E0	6.894021E-1
8.081700E0	6.893108E-1
8.098400E0	6.886977E-1
8.115100E0	6.884899E-1
8.131800E0	6.884011E-1
8.148500E0	6.877610E-1
8.165200E0	6.875100E-1
8.181900E0	6.874455E-1
8.198600E0	6.869354E-1
8.215300E0	6.866056E-1
8.232000E0	6.864408E-1
8.248700E0	6.864109E-1
8.265400E0	6.857320E-1
8.282100E0	6.854644E-1
8.298800E0	6.853468E-1
8.315500E0	6.853495E-1
8.332200E0	6.848970E-1
8.348900E0	6.846995E-1
8.365600E0	6.844870E-1
8.382300E0	6.844118E-1
8.399000E0	6.842204E-1
8.415700E0	6.838511E-1
8.432400E0	6.835252E-1
8.449100E0	6.833866E-1
8.465800E0	6.832234E-1
8.482500E0	6.830862E-1
8.499200E0	6.829490E-1
8.515900E0	6.826740E-1
8.532600E0	6.824366E-1
8.549300E0	6.823077E-1
8.566000E0	6.821697E-1
8.582700E0	6.821046E-1
8.599400E0	6.819767E-1
8.616100E0	6.819024E-1
8.632800E0	6.817354E-1
8.649500E0	6.813164E-1
8.666200E0	6.811401E-1
8.682900E0	6.810249E-1
8.699600E0	6.809178E-1
8.716300E0	6.807619E-1
8.733000E0	6.806131E-1
8.749700E0	6.802694E-1
8.766400E0	6.801144E-1
8.783100E0	6.799612E-1
8.799700E0	6.797387E-1
8.816300E0	6.793720E-1
8.833100E0	6.790209E-1
8.849800E0	6.788816E-1
8.866500E0	6.786153E-1
8.883200E0	6.783633E-1
8.899900E0	6.780435E-1
8.916600E0	6.777058E-1
8.933300E0	6.774929E-1
8.950000E0	6.770397E-1
8.966700E0	6.768049E-1
8.983400E0	6.765527E-1
9.000100E0	6.762101E-1
9.016800E0	6.759332E-1
9.033500E0	6.756542E-1
9.050200E0	6.753746E-1
9.066900E0	6.749763E-1
9.083600E0	6.747108E-1
9.100300E0	6.744084E-1
9.117000E0	6.740416E-1
9.133700E0	6.737460E-1
9.150400E0	6.735352E-1
9.167100E0	6.732148E-1
9.183800E0	6.728882E-1
9.200500E0	6.726518E-1
9.217200E0	6.725276E-1
9.233900E0	6.722212E-1
9.250600E0	6.719591E-1
9.267300E0	6.716356E-1
9.284000E0	6.714783E-1
9.300700E0	6.712796E-1
9.317400E0	6.709216E-1
9.334100E0	6.706530E-1
9.350800E0	6.705589E-1
9.367500E0	6.703187E-1
9.384200E0	6.702247E-1
9.400900E0	6.700044E-1
9.417600E0	6.698065E-1
9.434300E0	6.696055E-1
9.451000E0	6.695742E-1
9.467700E0	6.694562E-1
9.484400E0	6.691173E-1
9.501100E0	6.688113E-1
9.517800E0	6.686859E-1
9.534400E0	6.685368E-1
9.551000E0	6.684083E-1
9.567800E0	6.682445E-1
9.584500E0	6.680637E-1
9.601200E0	6.678567E-1
9.617900E0	6.676158E-1
9.634600E0	6.674609E-1
9.651300E0	6.672732E-1
9.668000E0	6.670112E-1
9.684700E0	6.666413E-1
9.701400E0	6.664783E-1
9.718100E0	6.661167E-1
9.734800E0	6.658890E-1
9.751500E0	6.656428E-1
9.768200E0	6.654019E-1
9.784900E0	6.651316E-1
9.801600E0	6.647912E-1
9.818300E0	6.645179E-1
9.835000E0	6.642414E-1
9.851700E0	6.640092E-1
9.868400E0	6.635364E-1
9.885100E0	6.631744E-1
9.901800E0	6.628967E-1
9.918500E0	6.624551E-1
9.935200E0	6.620535E-1
9.951900E0	6.617408E-1
9.968600E0	6.615479E-1
9.985300E0	6.610654E-1
1.000200E1	6.606985E-1
1.001870E1	6.604561E-1
1.003540E1	6.599419E-1
1.005210E1	6.597115E-1
1.006880E1	6.595454E-1
1.008550E1	6.591348E-1
1.010220E1	6.588425E-1
1.011890E1	6.586800E-1
1.013560E1	6.583920E-1
1.015230E1	6.580673E-1
1.016900E1	6.577820E-1
1.018570E1	6.576561E-1
1.020240E1	6.574320E-1
1.021910E1	6.570437E-1
1.023580E1	6.567667E-1
1.025250E1	6.566825E-1
1.026920E1	6.564716E-1
1.028580E1	6.561784E-1
1.030240E1	6.559140E-1
1.031920E1	6.557545E-1
1.033590E1	6.556311E-1
1.035260E1	6.554551E-1
1.036930E1	6.551892E-1
1.038600E1	6.549656E-1
1.040270E1	6.548396E-1
1.041940E1	6.547201E-1
1.043610E1	6.545716E-1
1.045280E1	6.542266E-1
1.046950E1	6.539367E-1
1.048620E1	6.537945E-1
1.050290E1	6.537021E-1
1.051960E1	6.534792E-1
1.053630E1	6.531883E-1
1.055300E1	6.528729E-1
1.056970E1	6.527739E-1
1.058640E1	6.526674E-1
1.060310E1	6.524270E-1
1.061980E1	6.520606E-1
1.063650E1	6.518038E-1
1.065320E1	6.516695E-1
1.066990E1	6.513859E-1
1.068660E1	6.510471E-1
1.070330E1	6.507978E-1
1.072000E1	6.506447E-1
1.073670E1	6.501534E-1
1.075340E1	6.498253E-1
1.077010E1	6.497355E-1
1.078680E1	6.493339E-1
1.080350E1	6.489679E-1
1.082020E1	6.487719E-1
1.083690E1	6.484043E-1
1.085360E1	6.478994E-1
1.087030E1	6.477774E-1
1.088700E1	6.474398E-1
1.090370E1	6.470432E-1
1.092040E1	6.468217E-1
1.093710E1	6.464603E-1
1.095380E1	6.460162E-1
1.097050E1	6.458610E-1
1.098720E1	6.454829E-1
1.100390E1	6.449834E-1
1.102050E1	6.448376E-1
1.103710E1	6.445497E-1
1.105390E1	6.441519E-1
1.107060E1	6.438793E-1
1.108730E1	6.435018E-1
1.110400E1	6.431657E-1
1.112070E1	6.429034E-1
1.113740E1	6.427849E-1
1.115410E1	6.424506E-1
1.117080E1	6.421094E-1
1.118750E1	6.419066E-1
1.120420E1	6.417939E-1
1.122090E1	6.414052E-1
1.123760E1	6.411023E-1
1.125430E1	6.409240E-1
1.127100E1	6.407998E-1
1.128770E1	6.404097E-1
1.130440E1	6.401676E-1
1.132110E1	6.399154E-1
1.133780E1	6.398359E-1
1.135450E1	6.396594E-1
1.137120E1	6.391202E-1
1.138790E1	6.389190E-1
1.140460E1	6.388837E-1
1.142130E1	6.387647E-1
1.143800E1	6.383363E-1
1.145470E1	6.379781E-1
1.147140E1	6.379278E-1
1.148810E1	6.377106E-1
1.150480E1	6.373923E-1
1.152150E1	6.371131E-1
1.153820E1	6.368999E-1
1.155490E1	6.367318E-1
1.157160E1	6.363310E-1
1.158830E1	6.360658E-1
1.160500E1	6.358629E-1
1.162170E1	6.356297E-1
1.163840E1	6.352024E-1
1.165510E1	6.349463E-1
1.167180E1	6.347232E-1
1.168850E1	6.341774E-1
1.170520E1	6.338995E-1
1.172190E1	6.336629E-1
1.173860E1	6.332985E-1
1.175530E1	6.329110E-1
1.177190E1	6.327210E-1
1.178850E1	6.321752E-1
1.180530E1	6.319271E-1
1.182200E1	6.316295E-1
1.183870E1	6.311730E-1
1.185540E1	6.309085E-1
1.187210E1	6.305544E-1
1.188880E1	6.300933E-1
1.190550E1	6.299284E-1
1.192220E1	6.295748E-1
1.193890E1	6.290687E-1
1.195560E1	6.289313E-1
1.197230E1	6.283490E-1
1.198900E1	6.280451E-1
1.200570E1	6.278808E-1
1.202240E1	6.274138E-1
1.203910E1	6.271529E-1
1.205580E1	6.269678E-1
1.207250E1	6.264460E-1
1.208920E1	6.262126E-1
1.210590E1	6.260085E-1
1.212260E1	6.256465E-1
1.213930E1	6.252793E-1
1.215600E1	6.250555E-1
1.217270E1	6.246568E-1
1.218940E1	6.242813E-1
1.220610E1	6.240805E-1
1.222280E1	6.237908E-1
1.223950E1	6.233007E-1
1.225620E1	6.230977E-1
1.227290E1	6.228922E-1
1.228960E1	6.224414E-1
1.230630E1	6.221412E-1
1.232300E1	6.220819E-1
1.233970E1	6.219037E-1
1.235640E1	6.216060E-1
1.237310E1	6.212780E-1
1.238980E1	6.209839E-1
1.240650E1	6.207580E-1
1.242320E1	6.201387E-1
1.243990E1	6.200157E-1
1.245660E1	6.198017E-1
1.247330E1	6.195198E-1
1.249000E1	6.192685E-1
1.250660E1	6.190686E-1
1.252320E1	6.188675E-1
1.254000E1	6.182986E-1
1.255670E1	6.180990E-1
1.257340E1	6.179899E-1
1.259010E1	6.176982E-1
1.260680E1	6.172675E-1
1.262350E1	6.171084E-1
1.264020E1	6.165405E-1
1.265690E1	6.161442E-1
1.267360E1	6.159220E-1
1.269030E1	6.155136E-1
1.270700E1	6.152838E-1
1.272370E1	6.151215E-1
1.274040E1	6.147921E-1
1.275710E1	6.143274E-1
1.277380E1	6.140611E-1
1.279050E1	6.136429E-1
1.280720E1	6.132705E-1
1.282390E1	6.129383E-1
1.284060E1	6.124873E-1
1.285730E1	6.121012E-1
1.287400E1	6.117084E-1
1.289070E1	6.112816E-1
1.290740E1	6.110620E-1
1.292410E1	6.106625E-1
1.294080E1	6.102686E-1
1.295750E1	6.101157E-1
1.297420E1	6.098217E-1
1.299090E1	6.094342E-1
1.300760E1	6.089473E-1
1.302430E1	6.084474E-1
1.304100E1	6.081177E-1
1.305770E1	6.078378E-1
1.307440E1	6.073367E-1
1.309110E1	6.071458E-1
1.310780E1	6.067064E-1
1.312450E1	6.064137E-1
1.314120E1	6.061777E-1
1.315790E1	6.058770E-1
1.317460E1	6.056100E-1
1.319130E1	6.053354E-1
1.320800E1	6.049071E-1
1.322470E1	6.045848E-1
1.324130E1	6.041298E-1
1.325790E1	6.038545E-1
1.327470E1	6.036746E-1
1.329140E1	6.034684E-1
1.330810E1	6.030503E-1
1.332480E1	6.026706E-1
1.334150E1	6.022399E-1
1.335820E1	6.019645E-1
1.337490E1	6.017945E-1
1.339160E1	6.017503E-1
1.340830E1	6.014019E-1
1.342500E1	6.010156E-1
1.344170E1	6.006411E-1
1.345840E1	6.002675E-1
1.347510E1	6.000412E-1
1.349180E1	5.998191E-1
1.350850E1	5.997376E-1
1.352520E1	5.993854E-1
1.354190E1	5.989531E-1
1.355860E1	5.985174E-1
1.357530E1	5.983274E-1
1.359200E1	5.981355E-1
1.360870E1	5.978549E-1
1.362540E1	5.976369E-1
1.364210E1	5.970041E-1
1.365880E1	5.967211E-1
1.367550E1	5.962611E-1
1.369220E1	5.960346E-1
1.370890E1	5.958157E-1
1.372560E1	5.957283E-1
1.374230E1	5.953002E-1
1.375900E1	5.949502E-1
1.377570E1	5.945625E-1
1.379240E1	5.941535E-1
1.380910E1	5.938461E-1
1.382580E1	5.934434E-1
1.384250E1	5.930333E-1
1.385920E1	5.926733E-1
1.387590E1	5.921891E-1
1.389260E1	5.918052E-1
1.390930E1	5.915038E-1
1.392600E1	5.911372E-1
1.394270E1	5.908126E-1
1.395940E1	5.904553E-1
1.397610E1	5.900691E-1
1.399270E1	5.897992E-1
1.400930E1	5.892696E-1
1.402610E1	5.889167E-1
1.404280E1	5.884991E-1
1.405950E1	5.880542E-1
1.407620E1	5.878527E-1
1.409290E1	5.874396E-1
1.410960E1	5.870335E-1
1.412630E1	5.868038E-1
1.414300E1	5.865361E-1
1.415970E1	5.860710E-1
1.417640E1	5.858188E-1
1.419310E1	5.854370E-1
1.420980E1	5.850695E-1
1.422650E1	5.846936E-1
1.424320E1	5.842008E-1
1.425990E1	5.838556E-1
1.427660E1	5.835194E-1
1.429330E1	5.831429E-1
1.431000E1	5.829338E-1
1.432670E1	5.827324E-1
1.434340E1	5.822799E-1
1.436010E1	5.819129E-1
1.437680E1	5.814170E-1
1.439350E1	5.810556E-1
1.441020E1	5.809237E-1
1.442690E1	5.806019E-1
1.444360E1	5.802612E-1
1.446030E1	5.799880E-1
1.447700E1	5.796302E-1
1.449370E1	5.791689E-1
1.451040E1	5.789524E-1
1.452710E1	5.786267E-1
1.454380E1	5.784303E-1
1.456050E1	5.781177E-1
1.457720E1	5.776753E-1
1.459390E1	5.771848E-1
1.461060E1	5.769435E-1
1.462730E1	5.766279E-1
1.464400E1	5.762626E-1
1.466070E1	5.760355E-1
1.467740E1	5.757060E-1
1.469410E1	5.752076E-1
1.471080E1	5.748808E-1
1.472740E1	5.746014E-1
1.474400E1	5.743255E-1
1.476080E1	5.739896E-1
1.477750E1	5.735950E-1
1.479420E1	5.731406E-1
1.481090E1	5.727803E-1
1.482760E1	5.723038E-1
1.484430E1	5.719947E-1
1.486100E1	5.716919E-1
1.487770E1	5.711588E-1
1.489440E1	5.709085E-1
1.491110E1	5.704567E-1
1.492780E1	5.700431E-1
1.494450E1	5.697963E-1
1.496120E1	5.692737E-1
1.497790E1	5.689222E-1
1.499460E1	5.684927E-1
1.501130E1	5.681234E-1
1.502800E1	5.676979E-1
1.504470E1	5.671223E-1
1.506140E1	5.668729E-1
1.507810E1	5.664993E-1
1.509480E1	5.661659E-1
1.511150E1	5.659017E-1
1.512820E1	5.653254E-1
1.514490E1	5.649427E-1
1.516160E1	5.644743E-1
1.517830E1	5.641218E-1
1.519500E1	5.638085E-1
1.521170E1	5.633078E-1
1.522840E1	5.629634E-1
1.524510E1	5.624798E-1
1.526180E1	5.620799E-1
1.527850E1	5.617758E-1
1.529520E1	5.612939E-1
1.531190E1	5.610522E-1
1.532860E1	5.607053E-1
1.534530E1	5.602963E-1
1.536200E1	5.600648E-1
1.537870E1	5.595595E-1
1.539540E1	5.592392E-1
1.541210E1	5.589543E-1
1.542880E1	5.584620E-1
1.544550E1	5.581258E-1
1.546220E1	5.577875E-1
1.547880E1	5.573210E-1
1.549540E1	5.569639E-1
1.551220E1	5.566061E-1
1.552890E1	5.562393E-1
1.554560E1	5.560658E-1
1.556230E1	5.556723E-1
1.557900E1	5.551841E-1
1.559570E1	5.549045E-1
1.561240E1	5.544714E-1
1.562910E1	5.541766E-1
1.564580E1	5.538733E-1
1.566250E1	5.533658E-1
1.567920E1	5.531514E-1
1.569590E1	5.528990E-1
1.571260E1	5.524141E-1
1.572930E1	5.521965E-1
1.574600E1	5.517948E-1
1.576270E1	5.513604E-1
1.577940E1	5.509754E-1
1.579610E1	5.506397E-1
1.581280E1	5.503346E-1
1.582950E1	5.500514E-1
1.584620E1	5.494315E-1
1.586290E1	5.490847E-1
1.587960E1	5.488376E-1
1.589630E1	5.484084E-1
1.591300E1	5.480108E-1
1.592970E1	5.476390E-1
1.594640E1	5.472538E-1
1.596310E1	5.469315E-1
1.597980E1	5.464872E-1
1.599650E1	5.460798E-1
1.601320E1	5.455447E-1
1.602990E1	5.452025E-1
1.604660E1	5.449214E-1
1.606330E1	5.444413E-1
1.608000E1	5.442077E-1
1.609670E1	5.436609E-1
1.611340E1	5.433185E-1
1.613010E1	5.430988E-1
1.614680E1	5.424847E-1
1.616350E1	5.422243E-1
1.618020E1	5.416336E-1
1.619690E1	5.412369E-1
1.621350E1	5.408555E-1
1.623010E1	5.405189E-1
1.624690E1	5.401362E-1
1.626360E1	5.395330E-1
1.628030E1	5.392486E-1
1.629700E1	5.388806E-1
1.631370E1	5.384389E-1
1.633040E1	5.381285E-1
1.634710E1	5.375285E-1
1.636380E1	5.372642E-1
1.638050E1	5.368690E-1
1.639720E1	5.364547E-1
1.641390E1	5.361272E-1
1.643060E1	5.355491E-1
1.644730E1	5.352022E-1
1.646400E1	5.347043E-1
1.648070E1	5.342992E-1
1.649740E1	5.341012E-1
1.651410E1	5.334977E-1
1.653080E1	5.332111E-1
1.654750E1	5.327304E-1
1.656420E1	5.322444E-1
1.658090E1	5.318244E-1
1.659760E1	5.313436E-1
1.661430E1	5.311848E-1
1.663100E1	5.307045E-1
1.664770E1	5.302922E-1
1.666440E1	5.299065E-1
1.668110E1	5.293778E-1
1.669780E1	5.291928E-1
1.671450E1	5.288171E-1
1.673120E1	5.283322E-1
1.674790E1	5.281154E-1
1.676460E1	5.275195E-1
1.678130E1	5.272534E-1
1.679800E1	5.268678E-1
1.681470E1	5.263725E-1
1.683140E1	5.262197E-1
1.684810E1	5.256959E-1
1.686480E1	5.252983E-1
1.688150E1	5.249552E-1
1.689820E1	5.243928E-1
1.691490E1	5.241993E-1
1.693160E1	5.237150E-1
1.694820E1	5.232957E-1
1.696480E1	5.229336E-1
1.698160E1	5.223566E-1
1.699830E1	5.220738E-1
1.701500E1	5.215594E-1
1.703170E1	5.212189E-1
1.704840E1	5.209108E-1
1.706510E1	5.203417E-1
1.708180E1	5.200611E-1
1.709850E1	5.194298E-1
1.711520E1	5.192364E-1
1.713190E1	5.188397E-1
1.714860E1	5.182872E-1
1.716530E1	5.179022E-1
1.718200E1	5.172812E-1
1.719870E1	5.169849E-1
1.721540E1	5.163768E-1
1.723210E1	5.161079E-1
1.724880E1	5.156372E-1
1.726550E1	5.152512E-1
1.728220E1	5.148815E-1
1.729890E1	5.142616E-1
1.731560E1	5.138981E-1
1.733230E1	5.133629E-1
1.734900E1	5.130957E-1
1.736570E1	5.125851E-1
1.738240E1	5.121828E-1
1.739910E1	5.116173E-1
1.741580E1	5.112385E-1
1.743250E1	5.107667E-1
1.744920E1	5.103653E-1
1.746590E1	5.100519E-1
1.748260E1	5.094753E-1
1.749930E1	5.092000E-1
1.751600E1	5.086389E-1
1.753270E1	5.082582E-1
1.754940E1	5.078380E-1
1.756610E1	5.073098E-1
1.758280E1	5.070023E-1
1.759950E1	5.063709E-1
1.761620E1	5.060501E-1
1.763290E1	5.054693E-1
1.764960E1	5.051772E-1
1.766630E1	5.045661E-1
1.768300E1	5.043538E-1
1.769960E1	5.040094E-1
1.771620E1	5.034486E-1
1.773300E1	5.031083E-1
1.774970E1	5.025551E-1
1.776640E1	5.022344E-1
1.778310E1	5.017490E-1
1.779980E1	5.013916E-1
1.781650E1	5.009733E-1
1.783320E1	5.004585E-1
1.784990E1	5.000823E-1
1.786660E1	4.996324E-1
1.788330E1	4.993323E-1
1.790000E1	4.989241E-1
1.791670E1	4.984796E-1
1.793340E1	4.981227E-1
1.795010E1	4.976196E-1
1.796680E1	4.973413E-1
1.798350E1	4.967401E-1
1.800020E1	4.963856E-1
1.801690E1	4.959434E-1
1.803360E1	4.955510E-1
1.805030E1	4.950786E-1
1.806700E1	4.945975E-1
1.808370E1	4.942145E-1
1.810040E1	4.937252E-1
1.811710E1	4.934361E-1
1.813380E1	4.929204E-1
1.815050E1	4.924822E-1
1.816720E1	4.921472E-1
1.818390E1	4.915090E-1
1.820060E1	4.911580E-1
1.821730E1	4.905179E-1
1.823400E1	4.901009E-1
1.825070E1	4.896390E-1
1.826740E1	4.891804E-1
1.828410E1	4.887769E-1
1.830080E1	4.884118E-1
1.831750E1	4.880935E-1
1.833420E1	4.875089E-1
1.835090E1	4.871456E-1
1.836760E1	4.865172E-1
1.838430E1	4.860997E-1
1.840100E1	4.856347E-1
1.841770E1	4.851335E-1
1.843430E1	4.846911E-1
1.845090E1	4.841731E-1
1.846770E1	4.837585E-1
1.848440E1	4.832937E-1
1.850110E1	4.829504E-1
1.851780E1	4.825467E-1
1.853450E1	4.820280E-1
1.855120E1	4.816357E-1
1.856790E1	4.811804E-1
1.858460E1	4.806280E-1
1.860130E1	4.800832E-1
1.861800E1	4.797021E-1
1.863470E1	4.792229E-1
1.865140E1	4.787169E-1
1.866810E1	4.783077E-1
1.868480E1	4.778281E-1
1.870150E1	4.775956E-1
1.871820E1	4.769622E-1
1.873490E1	4.766733E-1
1.875160E1	4.760382E-1
1.876830E1	4.757172E-1
1.878500E1	4.750960E-1
1.880170E1	4.747590E-1
1.881840E1	4.741904E-1
1.883510E1	4.737232E-1
1.885180E1	4.733659E-1
1.886850E1	4.727864E-1
1.888520E1	4.722625E-1
1.890190E1	4.717414E-1
1.891860E1	4.715257E-1
1.893530E1	4.709495E-1
1.895200E1	4.706723E-1
1.896870E1	4.700137E-1
1.898540E1	4.697250E-1
1.900210E1	4.690377E-1
1.901880E1	4.687795E-1
1.903550E1	4.682546E-1
1.905220E1	4.678200E-1
1.906890E1	4.673653E-1
1.908560E1	4.667498E-1
1.910230E1	4.662160E-1
1.911900E1	4.657595E-1
1.913570E1	4.654712E-1
1.915240E1	4.649312E-1
1.916910E1	4.647420E-1
1.918570E1	4.640733E-1
1.920230E1	4.638123E-1
1.921910E1	4.631029E-1
1.923580E1	4.627839E-1
1.925250E1	4.621393E-1
1.926920E1	4.619118E-1
1.928590E1	4.612562E-1
1.930260E1	4.608896E-1
1.931930E1	4.602594E-1
1.933600E1	4.598608E-1
1.935270E1	4.594274E-1
1.936940E1	4.589301E-1
1.938610E1	4.585078E-1
1.940280E1	4.579698E-1
1.941950E1	4.576652E-1
1.943620E1	4.569577E-1
1.945290E1	4.565844E-1
1.946960E1	4.559994E-1
1.948630E1	4.557912E-1
1.950300E1	4.551131E-1
1.951970E1	4.548547E-1
1.953640E1	4.541997E-1
1.955310E1	4.539383E-1
1.956980E1	4.532871E-1
1.958650E1	4.529526E-1
1.960320E1	4.522452E-1
1.961990E1	4.519855E-1
1.963660E1	4.514361E-1
1.965330E1	4.510349E-1
1.967000E1	4.503739E-1
1.968670E1	4.499689E-1
1.970340E1	4.494247E-1
1.972010E1	4.490158E-1
1.973680E1	4.484515E-1
1.975350E1	4.480018E-1
1.977020E1	4.475764E-1
1.978690E1	4.470574E-1
1.980360E1	4.465772E-1
1.982030E1	4.460044E-1
1.983700E1	4.456304E-1
1.985370E1	4.451302E-1
1.987040E1	4.446788E-1
1.988710E1	4.442834E-1
1.990380E1	4.438756E-1
1.992040E1	4.433669E-1
1.993700E1	4.429017E-1
1.995380E1	4.423682E-1
1.997050E1	4.419637E-1
1.998720E1	4.414061E-1
2.000390E1	4.409776E-1
2.002060E1	4.403959E-1
2.003730E1	4.400318E-1
2.005400E1	4.393826E-1
2.007070E1	4.390224E-1
2.008740E1	4.384439E-1
2.010410E1	4.381561E-1
2.012080E1	4.373910E-1
2.013750E1	4.370307E-1
2.015420E1	4.364535E-1
2.017090E1	4.360745E-1
2.018760E1	4.354698E-1
2.020430E1	4.350361E-1
2.022100E1	4.344439E-1
2.023770E1	4.342190E-1
2.025440E1	4.334866E-1
2.027110E1	4.330267E-1
2.028780E1	4.325031E-1
2.030450E1	4.321517E-1
2.032120E1	4.314554E-1
2.033790E1	4.310233E-1
2.035460E1	4.305395E-1
2.037130E1	4.301573E-1
2.038800E1	4.295249E-1
2.040470E1	4.290426E-1
2.042140E1	4.284746E-1
2.043810E1	4.280139E-1
2.045480E1	4.274921E-1
2.047150E1	4.269148E-1
2.048820E1	4.265221E-1
2.050490E1	4.260340E-1
2.052160E1	4.255379E-1
2.053830E1	4.249554E-1
2.055500E1	4.245758E-1
2.057170E1	4.240048E-1
2.058840E1	4.235909E-1
2.060510E1	4.229405E-1
2.062180E1	4.226036E-1
2.063850E1	4.219851E-1
2.065510E1	4.215776E-1
2.067170E1	4.209167E-1
2.068850E1	4.206173E-1
2.070520E1	4.199606E-1
2.072190E1	4.195238E-1
2.073860E1	4.189943E-1
2.075530E1	4.186340E-1
2.077200E1	4.180301E-1
2.078870E1	4.175599E-1
2.080540E1	4.170266E-1
2.082210E1	4.165673E-1
2.083880E1	4.160603E-1
2.085550E1	4.154208E-1
2.087220E1	4.150807E-1
2.088890E1	4.145870E-1
2.090560E1	4.140946E-1
2.092230E1	4.134504E-1
2.093900E1	4.131322E-1
2.095570E1	4.125519E-1
2.097240E1	4.121644E-1
2.098910E1	4.115164E-1
2.100580E1	4.111605E-1
2.102250E1	4.105287E-1
2.103920E1	4.101437E-1
2.105590E1	4.095336E-1
2.107260E1	4.091286E-1
2.108930E1	4.085276E-1
2.110600E1	4.081732E-1
2.112270E1	4.075659E-1
2.113940E1	4.071822E-1
2.115610E1	4.066230E-1
2.117280E1	4.060868E-1
2.118950E1	4.056533E-1
2.120620E1	4.051737E-1
2.122290E1	4.046455E-1
2.123960E1	4.040548E-1
2.125630E1	4.037086E-1
2.127300E1	4.031567E-1
2.128970E1	4.026933E-1
2.130640E1	4.020406E-1
2.132310E1	4.017393E-1
2.133980E1	4.011327E-1
2.135650E1	4.007875E-1
2.137320E1	3.999915E-1
2.138990E1	3.996471E-1
2.140650E1	3.989617E-1
2.142310E1	3.986529E-1
2.143990E1	3.978733E-1
2.145660E1	3.975018E-1
2.147330E1	3.967799E-1
2.149000E1	3.964194E-1
2.150670E1	3.957277E-1
2.152340E1	3.952511E-1
2.154010E1	3.947393E-1
2.155680E1	3.941413E-1
2.157350E1	3.937559E-1
2.159020E1	3.931896E-1
2.160690E1	3.927626E-1
2.162360E1	3.920980E-1
2.164030E1	3.917486E-1
2.165700E1	3.911392E-1
2.167370E1	3.907612E-1
2.169040E1	3.900571E-1
2.170710E1	3.895110E-1
2.172380E1	3.889014E-1
2.174050E1	3.883905E-1
2.175720E1	3.878511E-1
2.177390E1	3.872079E-1
2.179060E1	3.868450E-1
2.180730E1	3.860690E-1
2.182400E1	3.855749E-1
2.184070E1	3.849237E-1
2.185740E1	3.844320E-1
2.187410E1	3.837969E-1
2.189080E1	3.833422E-1
2.190750E1	3.827860E-1
2.192420E1	3.820986E-1
2.194090E1	3.816492E-1
2.195760E1	3.808855E-1
2.197430E1	3.805196E-1
2.199100E1	3.797925E-1
2.200770E1	3.794411E-1
2.202440E1	3.787859E-1
2.204110E1	3.781584E-1
2.205780E1	3.776312E-1
2.207450E1	3.768887E-1
2.209120E1	3.764999E-1
2.210790E1	3.758326E-1
2.212460E1	3.754401E-1
2.214120E1	3.747118E-1
2.215780E1	3.740508E-1
2.217460E1	3.734828E-1
2.219130E1	3.729642E-1
2.220800E1	3.725693E-1
2.222470E1	3.718836E-1
2.224140E1	3.714928E-1
2.225810E1	3.708057E-1
2.227480E1	3.702702E-1
2.229150E1	3.696037E-1
2.230820E1	3.690314E-1
2.232490E1	3.685897E-1
2.234160E1	3.679388E-1
2.235830E1	3.674905E-1
2.237500E1	3.667496E-1
2.239170E1	3.662197E-1
2.240840E1	3.655975E-1
2.242510E1	3.652016E-1
2.244180E1	3.646002E-1
2.245850E1	3.641568E-1
2.247520E1	3.634663E-1
2.249190E1	3.627975E-1
2.250860E1	3.623321E-1
2.252530E1	3.615429E-1
2.254200E1	3.612199E-1
2.255870E1	3.605718E-1
2.257540E1	3.601698E-1
2.259210E1	3.595169E-1
2.260880E1	3.590362E-1
2.262550E1	3.585097E-1
2.264220E1	3.578180E-1
2.265890E1	3.573822E-1
2.267560E1	3.568150E-1
2.269230E1	3.563073E-1
2.270900E1	3.555683E-1
2.272570E1	3.551658E-1
2.274240E1	3.544762E-1
2.275910E1	3.540066E-1
2.277580E1	3.535293E-1
2.279250E1	3.531142E-1
2.280920E1	3.525552E-1
2.282590E1	3.519508E-1
2.284260E1	3.514471E-1
2.285930E1	3.507457E-1
2.287590E1	3.502701E-1
2.289250E1	3.496144E-1
2.290930E1	3.492108E-1
2.292600E1	3.485628E-1
2.294270E1	3.479154E-1
2.295940E1	3.473947E-1
2.297610E1	3.467465E-1
2.299280E1	3.462476E-1
2.300950E1	3.456762E-1
2.302620E1	3.453021E-1
2.304290E1	3.446710E-1
2.305960E1	3.441725E-1
2.307630E1	3.436021E-1
2.309300E1	3.429558E-1
2.310970E1	3.423792E-1
2.312640E1	3.417075E-1
2.314310E1	3.411892E-1
2.315980E1	3.406916E-1
2.317650E1	3.400131E-1
2.319320E1	3.395229E-1
2.320990E1	3.387920E-1
2.322660E1	3.382518E-1
2.324330E1	3.376897E-1
2.326000E1	3.372056E-1
2.327670E1	3.366608E-1
2.329340E1	3.359500E-1
2.331010E1	3.353137E-1
2.332680E1	3.346791E-1
2.334350E1	3.339709E-1
2.336020E1	3.334592E-1
2.337690E1	3.328223E-1
2.339360E1	3.322065E-1
2.341030E1	3.317629E-1
2.342700E1	3.311465E-1
2.344370E1	3.305094E-1
2.346040E1	3.298160E-1
2.347710E1	3.292355E-1
2.349380E1	3.286406E-1
2.351050E1	3.278887E-1
2.352720E1	3.273829E-1
2.354390E1	3.266621E-1
2.356060E1	3.258731E-1
2.357730E1	3.254357E-1
2.359400E1	3.247299E-1
2.361070E1	3.241569E-1
2.362730E1	3.236274E-1
2.364390E1	3.229889E-1
2.366070E1	3.223526E-1
2.367740E1	3.217103E-1
2.369410E1	3.210158E-1
2.371080E1	3.204597E-1
2.372750E1	3.197370E-1
2.374420E1	3.191866E-1
2.376090E1	3.186090E-1
2.377760E1	3.179125E-1
2.379430E1	3.174968E-1
2.381100E1	3.167716E-1
2.382770E1	3.160883E-1
2.384440E1	3.156183E-1
2.386110E1	3.149587E-1
2.387780E1	3.144638E-1
2.389450E1	3.137322E-1
2.391120E1	3.130590E-1
2.392790E1	3.125612E-1
2.394460E1	3.117858E-1
2.396130E1	3.114098E-1
2.397800E1	3.107180E-1
2.399470E1	3.101673E-1
2.401140E1	3.096256E-1
2.402810E1	3.090133E-1
2.404480E1	3.085499E-1
2.406150E1	3.077471E-1
2.407820E1	3.073344E-1
2.409490E1	3.066476E-1
2.411160E1	3.059588E-1
2.412830E1	3.055489E-1
2.414500E1	3.048434E-1
2.416170E1	3.042196E-1
2.417840E1	3.037171E-1
2.419510E1	3.031825E-1
2.421180E1	3.027149E-1
2.422850E1	3.019216E-1
2.424520E1	3.015236E-1
2.426190E1	3.007814E-1
2.427860E1	3.001565E-1
2.429530E1	2.996831E-1
2.431200E1	2.990171E-1
2.432870E1	2.985878E-1
2.434540E1	2.978648E-1
2.436200E1	2.973130E-1
2.437860E1	2.967705E-1
2.439540E1	2.961212E-1
2.441210E1	2.957016E-1
2.442880E1	2.949565E-1
2.444550E1	2.944308E-1
2.446220E1	2.937858E-1
2.447890E1	2.931266E-1
2.449560E1	2.925993E-1
2.451230E1	2.919756E-1
2.452900E1	2.913477E-1
2.454570E1	2.907865E-1
2.456240E1	2.899830E-1
2.457910E1	2.894766E-1
2.459580E1	2.888127E-1
2.461250E1	2.881659E-1
2.462920E1	2.877115E-1
2.464590E1	2.869814E-1
2.466260E1	2.863557E-1
2.467930E1	2.858075E-1
2.469600E1	2.850064E-1
2.471270E1	2.843631E-1
2.472940E1	2.838108E-1
2.474610E1	2.830431E-1
2.476280E1	2.824488E-1
2.477950E1	2.818543E-1
2.479620E1	2.811128E-1
2.481290E1	2.805194E-1
2.482960E1	2.798279E-1
2.484630E1	2.791250E-1
2.486300E1	2.784976E-1
2.487970E1	2.778295E-1
2.489640E1	2.770916E-1
2.491310E1	2.764354E-1
2.492980E1	2.758135E-1
2.494650E1	2.750407E-1
2.496320E1	2.744186E-1
2.497990E1	2.738665E-1
2.499660E1	2.730927E-1
2.501330E1	2.724342E-1
2.503000E1	2.718899E-1
2.504670E1	2.710994E-1
2.506340E1	2.704619E-1
2.508010E1	2.698795E-1
2.509670E1	2.690948E-1
2.511330E1	2.683907E-1
2.513010E1	2.679214E-1
2.514680E1	2.671369E-1
2.516350E1	2.664542E-1
2.518020E1	2.659788E-1
2.519690E1	2.651878E-1
2.521360E1	2.644742E-1
2.523030E1	2.639489E-1
2.524700E1	2.631612E-1
2.526370E1	2.624163E-1
2.528040E1	2.619865E-1
2.529710E1	2.611787E-1
2.531380E1	2.605171E-1
2.533050E1	2.600081E-1
2.534720E1	2.592359E-1
2.536390E1	2.585509E-1
2.538060E1	2.580760E-1
2.539730E1	2.572676E-1
2.541400E1	2.565715E-1
2.543070E1	2.560497E-1
2.544740E1	2.553014E-1
2.546410E1	2.546284E-1
2.548080E1	2.541175E-1
2.549750E1	2.533233E-1
2.551420E1	2.527186E-1
2.553090E1	2.521182E-1
2.554760E1	2.513868E-1
2.556430E1	2.509604E-1
2.558100E1	2.502016E-1
2.559770E1	2.496328E-1
2.561440E1	2.490554E-1
2.563110E1	2.482990E-1
2.564780E1	2.478272E-1
2.566450E1	2.472134E-1
2.568120E1	2.464785E-1
2.569790E1	2.460280E-1
2.571460E1	2.453395E-1
2.573130E1	2.446858E-1
2.574800E1	2.441691E-1
2.576470E1	2.434062E-1
2.578140E1	2.428725E-1
2.579810E1	2.422979E-1
2.581480E1	2.416413E-1
2.583150E1	2.409999E-1
2.584810E1	2.402821E-1
2.586470E1	2.397791E-1
2.588150E1	2.391980E-1
2.589820E1	2.385538E-1
2.591490E1	2.381683E-1
2.593160E1	2.374223E-1
2.594830E1	2.366652E-1
2.596500E1	2.362007E-1
2.598170E1	2.354737E-1
2.599840E1	2.349526E-1
2.601510E1	2.344010E-1
2.603180E1	2.336934E-1
2.604850E1	2.330194E-1
2.606520E1	2.323510E-1
2.608190E1	2.317176E-1
2.609860E1	2.310901E-1
2.611530E1	2.304430E-1
2.613200E1	2.298133E-1
2.614870E1	2.291531E-1
2.616540E1	2.284583E-1
2.618210E1	2.277630E-1
2.619880E1	2.272439E-1
2.621550E1	2.265488E-1
2.623220E1	2.259325E-1
2.624890E1	2.252548E-1
2.626560E1	2.245056E-1
2.628230E1	2.238276E-1
2.629900E1	2.230837E-1
2.631570E1	2.224302E-1
2.633240E1	2.216673E-1
2.634910E1	2.210111E-1
2.636580E1	2.204316E-1
2.638250E1	2.196464E-1
2.639920E1	2.188390E-1
2.641590E1	2.183424E-1
2.643260E1	2.175384E-1
2.644930E1	2.166640E-1
2.646600E1	2.161067E-1
2.648270E1	2.153972E-1
2.649940E1	2.146063E-1
2.651610E1	2.139355E-1
2.653280E1	2.131920E-1
2.654950E1	2.124741E-1
2.656620E1	2.117237E-1
2.658280E1	2.109554E-1
2.659940E1	2.104187E-1
2.661620E1	2.095709E-1
2.663290E1	2.087619E-1
2.664960E1	2.081348E-1
2.666630E1	2.073216E-1
2.668300E1	2.065181E-1
2.669970E1	2.057788E-1
2.671640E1	2.049996E-1
2.673310E1	2.044984E-1
2.674980E1	2.036736E-1
2.676650E1	2.027868E-1
2.678320E1	2.022311E-1
2.679990E1	2.014153E-1
2.681660E1	2.006947E-1
2.683330E1	2.000296E-1
2.685000E1	1.993201E-1
2.686670E1	1.985255E-1
2.688340E1	1.978229E-1
2.691676E1	1.963630E-1
2.693346E1	1.956255E-1
2.695016E1	1.948070E-1
2.696686E1	1.942227E-1
2.698356E1	1.934096E-1
2.700026E1	1.926505E-1
2.701696E1	1.919691E-1
2.703366E1	1.913210E-1
2.705036E1	1.906265E-1
2.706706E1	1.899103E-1
2.708376E1	1.891916E-1
2.710046E1	1.885900E-1
2.711716E1	1.878696E-1
2.713386E1	1.871839E-1
2.715056E1	1.866298E-1
2.716726E1	1.859328E-1
2.718396E1	1.851687E-1
2.720066E1	1.846888E-1
2.721736E1	1.838769E-1
2.723406E1	1.831542E-1
2.725076E1	1.826254E-1
2.726746E1	1.819594E-1
2.728416E1	1.812313E-1
2.730086E1	1.806573E-1
2.731756E1	1.799178E-1
2.733426E1	1.792086E-1
2.735096E1	1.787268E-1
2.736766E1	1.779273E-1
2.738436E1	1.772867E-1
2.740106E1	1.767732E-1
2.741776E1	1.760303E-1
2.743446E1	1.753065E-1
2.745116E1	1.748017E-1
2.746786E1	1.740412E-1
2.748456E1	1.732629E-1
2.750126E1	1.727737E-1
2.751796E1	1.720578E-1
2.753466E1	1.712967E-1
2.755136E1	1.708479E-1
2.756806E1	1.700434E-1
2.758476E1	1.693452E-1
2.760146E1	1.688510E-1
2.761816E1	1.681134E-1
2.763486E1	1.673372E-1
2.765156E1	1.667910E-1
2.766816E1	1.661258E-1
2.768476E1	1.651900E-1
2.770156E1	1.646270E-1
2.771826E1	1.639925E-1
2.773496E1	1.631405E-1
2.775166E1	1.624814E-1
2.776836E1	1.618541E-1
2.778506E1	1.611005E-1
2.780176E1	1.604018E-1
2.781846E1	1.598422E-1
2.783516E1	1.591209E-1
2.785186E1	1.581946E-1
2.786856E1	1.574702E-1
2.788526E1	1.569749E-1
2.790196E1	1.561294E-1
2.791866E1	1.552907E-1
2.793536E1	1.546777E-1
2.795206E1	1.539366E-1
2.796876E1	1.531477E-1
2.798546E1	1.523176E-1
2.800216E1	1.516253E-1
2.801886E1	1.509496E-1
2.803556E1	1.501515E-1
2.805226E1	1.492398E-1
2.806896E1	1.485707E-1
2.808566E1	1.478875E-1
2.810236E1	1.471544E-1
2.811906E1	1.462466E-1
2.813576E1	1.454553E-1
2.815246E1	1.449787E-1
2.816916E1	1.441316E-1
2.818586E1	1.432657E-1
2.820256E1	1.424141E-1
2.821926E1	1.415891E-1
2.823596E1	1.410054E-1
2.825266E1	1.402085E-1
2.826936E1	1.392824E-1
2.828606E1	1.384477E-1
2.830276E1	1.376624E-1
2.831936E1	1.370405E-1
2.833596E1	1.362420E-1
2.835276E1	1.353435E-1
2.836946E1	1.346364E-1
2.838616E1	1.338187E-1
2.840286E1	1.331084E-1
2.841956E1	1.323080E-1
2.843626E1	1.314081E-1
2.845296E1	1.305381E-1
2.846966E1	1.296421E-1
2.848636E1	1.291350E-1
2.850306E1	1.283051E-1
2.851976E1	1.274191E-1
2.853646E1	1.269763E-1
2.855316E1	1.262133E-1
2.856986E1	1.254692E-1
2.858656E1	1.251059E-1
2.860326E1	1.244344E-1
2.861996E1	1.241672E-1
2.863666E1	1.235915E-1
2.865336E1	1.233723E-1
2.867006E1	1.232403E-1
2.868676E1	1.232010E-1
2.870346E1	1.232259E-1
2.872016E1	1.231948E-1
2.873686E1	1.232213E-1
