0.000000E0	7.478823E-1
1.670000E-2	7.476133E-1
3.340000E-2	7.472483E-1
5.010000E-2	7.470788E-1
6.680000E-2	7.469290E-1
8.350000E-2	7.469780E-1
1.002000E-1	7.469486E-1
1.169000E-1	7.469460E-1
1.336000E-1	7.468810E-1
1.503000E-1	7.467711E-1
1.670000E-1	7.463895E-1
1.837000E-1	7.459846E-1
2.003000E-1	7.458728E-1
2.169000E-1	7.458433E-1
2.337000E-1	7.457809E-1
2.504000E-1	7.455400E-1
2.671000E-1	7.451992E-1
2.838000E-1	7.451695E-1
3.005000E-1	7.451951E-1
3.172000E-1	7.450066E-1
3.339000E-1	7.449346E-1
3.506000E-1	7.447209E-1
3.673000E-1	7.441995E-1
3.840000E-1	7.440199E-1
4.007000E-1	7.438868E-1
4.174000E-1	7.437206E-1
4.341000E-1	7.433519E-1
4.508000E-1	7.431412E-1
4.675000E-1	7.428836E-1
4.842000E-1	7.425102E-1
5.009000E-1	7.420016E-1
5.176000E-1	7.418683E-1
5.343000E-1	7.418682E-1
5.510000E-1	7.417515E-1
5.677000E-1	7.411888E-1
5.844000E-1	7.409095E-1
6.011000E-1	7.404946E-1
6.178000E-1	7.399793E-1
6.345000E-1	7.398896E-1
6.512000E-1	7.393551E-1
6.679000E-1	7.389386E-1
6.846000E-1	7.387782E-1
7.013000E-1	7.380977E-1
7.180000E-1	7.378137E-1
7.347000E-1	7.372187E-1
7.514000E-1	7.369518E-1
7.681000E-1	7.368061E-1
7.848000E-1	7.360869E-1
8.015000E-1	7.358806E-1
8.182000E-1	7.350840E-1
8.349000E-1	7.346758E-1
8.516000E-1	7.339607E-1
8.683000E-1	7.337157E-1
8.850000E-1	7.330312E-1
9.017000E-1	7.328901E-1
9.184000E-1	7.320521E-1
9.350000E-1	7.317691E-1
9.516000E-1	7.310882E-1
9.684000E-1	7.308623E-1
9.851000E-1	7.300746E-1
1.001800E0	7.297517E-1
1.018500E0	7.290926E-1
1.035200E0	7.285458E-1
1.051900E0	7.279639E-1
1.068600E0	7.272385E-1
1.085300E0	7.269654E-1
1.102000E0	7.263585E-1
1.118700E0	7.259882E-1
1.135400E0	7.251277E-1
1.152100E0	7.246937E-1
1.168800E0	7.239898E-1
1.185500E0	7.233201E-1
1.202200E0	7.229450E-1
1.218900E0	7.221669E-1
1.235600E0	7.215795E-1
1.252300E0	7.209160E-1
1.269000E0	7.201149E-1
1.285700E0	7.194925E-1
1.302400E0	7.188675E-1
1.319100E0	7.181207E-1
1.335800E0	7.175050E-1
1.352500E0	7.168844E-1
1.369200E0	7.161254E-1
1.385900E0	7.153957E-1
1.402600E0	7.145946E-1
1.419300E0	7.138813E-1
1.436000E0	7.130640E-1
1.452700E0	7.122636E-1
1.469400E0	7.115155E-1
1.486100E0	7.107254E-1
1.502800E0	7.098647E-1
1.519500E0	7.090443E-1
1.536200E0	7.081206E-1
1.552900E0	7.074814E-1
1.569600E0	7.068098E-1
1.586300E0	7.058830E-1
1.603000E0	7.049989E-1
1.619700E0	7.040817E-1
1.636400E0	7.031738E-1
1.653100E0	7.022636E-1
1.669800E0	7.013211E-1
1.686400E0	7.004766E-1
1.703000E0	6.996650E-1
1.719800E0	6.988651E-1
1.736500E0	6.980053E-1
1.753200E0	6.970844E-1
1.769900E0	6.961739E-1
1.786600E0	6.952131E-1
1.803300E0	6.942692E-1
1.820000E0	6.934579E-1
1.836700E0	6.925480E-1
1.853400E0	6.915585E-1
1.870100E0	6.906204E-1
1.886800E0	6.896230E-1
1.903500E0	6.887210E-1
1.920200E0	6.877924E-1
1.936900E0	6.868472E-1
1.953600E0	6.858370E-1
1.970300E0	6.847256E-1
1.987000E0	6.837325E-1
2.003700E0	6.826358E-1
2.020400E0	6.817239E-1
2.037100E0	6.807000E-1
2.053800E0	6.796532E-1
2.070500E0	6.786654E-1
2.087200E0	6.775871E-1
2.103900E0	6.766071E-1
2.120600E0	6.755500E-1
2.137300E0	6.745347E-1
2.154000E0	6.735035E-1
2.170700E0	6.724758E-1
2.187400E0	6.712472E-1
2.204100E0	6.701122E-1
2.220800E0	6.690809E-1
2.237500E0	6.680099E-1
2.254200E0	6.669570E-1
2.270900E0	6.656543E-1
2.287600E0	6.644192E-1
2.304300E0	6.632693E-1
2.321000E0	6.620740E-1
2.337700E0	6.609020E-1
2.354400E0	6.596567E-1
2.371100E0	6.585311E-1
2.387800E0	6.572976E-1
2.404500E0	6.560517E-1
2.421100E0	6.547853E-1
2.437700E0	6.534750E-1
2.454500E0	6.521970E-1
2.471200E0	6.510423E-1
2.487900E0	6.496965E-1
2.504600E0	6.484827E-1
2.521300E0	6.472095E-1
2.538000E0	6.461837E-1
2.554700E0	6.448554E-1
2.571400E0	6.435073E-1
2.588100E0	6.421717E-1
2.604800E0	6.408462E-1
2.621500E0	6.395449E-1
2.638200E0	6.382829E-1
2.654900E0	6.368856E-1
2.671600E0	6.355378E-1
2.688300E0	6.340953E-1
2.705000E0	6.326887E-1
2.721700E0	6.314945E-1
2.738400E0	6.302551E-1
2.755100E0	6.290653E-1
2.771800E0	6.275722E-1
2.788500E0	6.261500E-1
2.805200E0	6.245946E-1
2.821900E0	6.231214E-1
2.838600E0	6.218044E-1
2.855300E0	6.204776E-1
2.872000E0	6.190359E-1
2.888700E0	6.177975E-1
2.905400E0	6.162087E-1
2.922100E0	6.149214E-1
2.938800E0	6.133773E-1
2.955500E0	6.119209E-1
2.972200E0	6.104160E-1
2.988900E0	6.090898E-1
3.005600E0	6.074877E-1
3.022300E0	6.060089E-1
3.039000E0	6.044927E-1
3.055700E0	6.030463E-1
3.072400E0	6.015235E-1
3.089100E0	6.000732E-1
3.105800E0	5.985063E-1
3.122500E0	5.970608E-1
3.139200E0	5.955513E-1
3.155800E0	5.939784E-1
3.172400E0	5.923387E-1
3.189200E0	5.909105E-1
3.205900E0	5.892672E-1
3.222600E0	5.875632E-1
3.239300E0	5.860554E-1
3.256000E0	5.844168E-1
3.272700E0	5.829996E-1
3.289400E0	5.815470E-1
3.306100E0	5.798293E-1
3.322800E0	5.781291E-1
3.339500E0	5.764459E-1
3.356200E0	5.747870E-1
3.372900E0	5.731770E-1
3.389600E0	5.715433E-1
3.406300E0	5.698653E-1
3.423000E0	5.681263E-1
3.439700E0	5.665537E-1
3.456400E0	5.649161E-1
3.473100E0	5.631650E-1
3.489800E0	5.615260E-1
3.506500E0	5.597356E-1
3.523200E0	5.579504E-1
3.539900E0	5.562323E-1
3.556600E0	5.544534E-1
3.573300E0	5.526153E-1
3.590000E0	5.509750E-1
3.606700E0	5.493742E-1
3.623400E0	5.475123E-1
3.640100E0	5.457008E-1
3.656800E0	5.440758E-1
3.673500E0	5.420796E-1
3.690200E0	5.403439E-1
3.706900E0	5.385506E-1
3.723600E0	5.365276E-1
3.740300E0	5.346805E-1
3.757000E0	5.329571E-1
3.773700E0	5.310587E-1
3.790400E0	5.291941E-1
3.807100E0	5.274310E-1
3.823800E0	5.255195E-1
3.840500E0	5.236119E-1
3.857200E0	5.216999E-1
3.873900E0	5.198477E-1
3.890600E0	5.180066E-1
3.907200E0	5.161745E-1
3.923800E0	5.141896E-1
3.940600E0	5.122097E-1
3.957300E0	5.102637E-1
3.974000E0	5.083085E-1
3.990700E0	5.063653E-1
4.007400E0	5.046218E-1
4.024100E0	5.026506E-1
4.040800E0	5.006257E-1
4.057500E0	4.986882E-1
4.074200E0	4.966815E-1
4.090900E0	4.946984E-1
4.107600E0	4.927295E-1
4.124300E0	4.906904E-1
4.141000E0	4.886813E-1
4.157700E0	4.866917E-1
4.174400E0	4.846991E-1
4.191100E0	4.826393E-1
4.207800E0	4.806267E-1
4.224500E0	4.785922E-1
4.241200E0	4.766405E-1
4.257900E0	4.746348E-1
4.274600E0	4.726327E-1
4.291300E0	4.705758E-1
4.308000E0	4.686055E-1
4.324700E0	4.664489E-1
4.341400E0	4.641984E-1
4.358100E0	4.622234E-1
4.374800E0	4.601610E-1
4.391500E0	4.580677E-1
4.408200E0	4.561377E-1
4.424900E0	4.540662E-1
4.441600E0	4.519209E-1
4.458300E0	4.498144E-1
4.475000E0	4.476882E-1
4.491700E0	4.455059E-1
4.508400E0	4.433316E-1
4.525100E0	4.412358E-1
4.541800E0	4.390834E-1
4.558500E0	4.369181E-1
4.575200E0	4.346035E-1
4.591900E0	4.323571E-1
4.608600E0	4.302223E-1
4.625300E0	4.280177E-1
4.641900E0	4.256396E-1
4.658500E0	4.233773E-1
4.675300E0	4.211530E-1
4.692000E0	4.187553E-1
4.708700E0	4.165746E-1
4.725400E0	4.143296E-1
4.742100E0	4.120512E-1
4.758800E0	4.097806E-1
4.775500E0	4.075719E-1
4.792200E0	4.051508E-1
4.808900E0	4.028602E-1
4.825600E0	4.005515E-1
4.842300E0	3.981608E-1
4.859000E0	3.958534E-1
4.875700E0	3.935858E-1
4.892400E0	3.911229E-1
4.909100E0	3.886794E-1
4.925800E0	3.863925E-1
4.942500E0	3.840285E-1
4.959200E0	3.816425E-1
4.975900E0	3.792075E-1
4.992600E0	3.768114E-1
5.009300E0	3.743459E-1
5.026000E0	3.718550E-1
5.042700E0	3.692020E-1
5.059400E0	3.668709E-1
5.076100E0	3.644372E-1
5.092800E0	3.619245E-1
5.109500E0	3.595388E-1
5.126200E0	3.570341E-1
5.142900E0	3.546587E-1
5.159600E0	3.521947E-1
5.176300E0	3.495895E-1
5.193000E0	3.470930E-1
5.209700E0	3.447629E-1
5.226400E0	3.420771E-1
5.243100E0	3.395473E-1
5.259800E0	3.369340E-1
5.276500E0	3.344218E-1
5.293200E0	3.317177E-1
5.309900E0	3.292240E-1
5.326600E0	3.267421E-1
5.343300E0	3.240011E-1
5.360000E0	3.213838E-1
5.376700E0	3.189090E-1
5.393300E0	3.161297E-1
5.409900E0	3.134488E-1
5.426700E0	3.109875E-1
5.443400E0	3.081596E-1
5.460100E0	3.054881E-1
5.476800E0	3.029046E-1
5.493500E0	3.001301E-1
5.510200E0	2.973670E-1
5.526900E0	2.948956E-1
5.543600E0	2.921055E-1
5.560300E0	2.893229E-1
5.577000E0	2.867497E-1
5.593700E0	2.838687E-1
5.610400E0	2.812127E-1
5.627100E0	2.784612E-1
5.643800E0	2.757239E-1
5.660500E0	2.729762E-1
5.677200E0	2.702531E-1
5.693900E0	2.674350E-1
5.710600E0	2.646218E-1
5.727300E0	2.618680E-1
5.744000E0	2.590983E-1
5.760700E0	2.563015E-1
5.777400E0	2.534609E-1
5.794100E0	2.507907E-1
5.810800E0	2.478502E-1
5.827500E0	2.450088E-1
5.844200E0	2.421931E-1
5.860900E0	2.393167E-1
5.877600E0	2.365007E-1
5.894300E0	2.334551E-1
5.911000E0	2.304942E-1
5.927700E0	2.276116E-1
5.944400E0	2.247886E-1
5.961100E0	2.219171E-1
5.977800E0	2.190684E-1
5.994500E0	2.160695E-1
6.011200E0	2.130483E-1
6.027900E0	2.101640E-1
6.044600E0	2.072855E-1
6.061300E0	2.043635E-1
6.078000E0	2.014492E-1
6.094700E0	1.985138E-1
6.111400E0	1.954626E-1
6.128000E0	1.925242E-1
6.144600E0	1.895484E-1
6.161400E0	1.864413E-1
6.178100E0	1.835602E-1
6.194800E0	1.805156E-1
6.211500E0	1.775198E-1
6.228200E0	1.745051E-1
6.244900E0	1.716072E-1
6.261600E0	1.684907E-1
6.278300E0	1.655703E-1
6.295000E0	1.625569E-1
6.311700E0	1.595600E-1
6.328400E0	1.564980E-1
6.345100E0	1.535679E-1
6.361800E0	1.502790E-1
6.378500E0	1.469534E-1
6.395200E0	1.439041E-1
6.411900E0	1.407590E-1
6.428600E0	1.377696E-1
6.445300E0	1.345496E-1
6.462000E0	1.314076E-1
6.478700E0	1.281953E-1
6.495400E0	1.251570E-1
6.512100E0	1.220261E-1
