0.000000E0	7.925718E-1
1.670000E-2	7.925378E-1
3.340000E-2	7.923823E-1
5.010000E-2	7.923564E-1
6.680000E-2	7.923371E-1
8.350000E-2	7.923875E-1
1.002000E-1	7.924093E-1
1.169000E-1	7.924500E-1
1.336000E-1	7.923886E-1
1.503000E-1	7.921147E-1
1.670000E-1	7.918253E-1
1.837000E-1	7.916449E-1
2.004000E-1	7.915691E-1
2.171000E-1	7.915261E-1
2.338000E-1	7.914503E-1
2.505000E-1	7.914224E-1
2.672000E-1	7.913034E-1
2.839000E-1	7.912914E-1
3.006000E-1	7.912068E-1
3.173000E-1	7.910913E-1
3.340000E-1	7.910196E-1
3.507000E-1	7.908900E-1
3.674000E-1	7.906698E-1
3.841000E-1	7.904514E-1
4.008000E-1	7.903400E-1
4.175000E-1	7.903859E-1
4.342000E-1	7.903977E-1
4.509000E-1	7.903617E-1
4.675000E-1	7.903280E-1
4.841000E-1	7.901953E-1
5.009000E-1	7.899680E-1
5.176000E-1	7.898783E-1
5.343000E-1	7.897245E-1
5.510000E-1	7.897240E-1
5.677000E-1	7.896513E-1
5.844000E-1	7.894666E-1
6.011000E-1	7.893200E-1
6.178000E-1	7.892863E-1
6.345000E-1	7.892518E-1
6.512000E-1	7.892587E-1
6.679000E-1	7.891884E-1
6.846000E-1	7.891134E-1
7.013000E-1	7.887095E-1
7.180000E-1	7.885026E-1
7.347000E-1	7.884310E-1
7.514000E-1	7.883825E-1
7.681000E-1	7.883528E-1
7.848000E-1	7.882953E-1
8.015000E-1	7.881859E-1
8.182000E-1	7.878732E-1
8.349000E-1	7.876743E-1
8.516000E-1	7.875509E-1
8.683000E-1	7.875938E-1
8.850000E-1	7.875102E-1
9.017000E-1	7.872843E-1
9.184000E-1	7.871601E-1
9.351000E-1	7.870800E-1
9.518000E-1	7.870177E-1
9.685000E-1	7.868467E-1
9.852000E-1	7.867212E-1
1.001900E0	7.865004E-1
1.018600E0	7.864085E-1
1.035300E0	7.861672E-1
1.052000E0	7.861711E-1
1.068700E0	7.861308E-1
1.085400E0	7.861205E-1
1.102100E0	7.858979E-1
1.118800E0	7.856636E-1
1.135500E0	7.854355E-1
1.152200E0	7.852502E-1
1.168900E0	7.851480E-1
1.185600E0	7.851009E-1
1.202200E0	7.850798E-1
1.218800E0	7.850114E-1
1.235600E0	7.849276E-1
1.252300E0	7.848405E-1
1.269000E0	7.845076E-1
1.285700E0	7.844973E-1
1.302400E0	7.844074E-1
1.319100E0	7.844245E-1
1.335800E0	7.844058E-1
1.352500E0	7.843102E-1
1.369200E0	7.840880E-1
1.385900E0	7.838840E-1
1.402600E0	7.838402E-1
1.419300E0	7.836679E-1
1.436000E0	7.835102E-1
1.452700E0	7.833097E-1
1.469400E0	7.830089E-1
1.486100E0	7.829299E-1
1.502800E0	7.829613E-1
1.519500E0	7.828989E-1
1.536200E0	7.828425E-1
1.552900E0	7.826824E-1
1.569600E0	7.823691E-1
1.586300E0	7.822747E-1
1.603000E0	7.821800E-1
1.619700E0	7.820447E-1
1.636400E0	7.819856E-1
1.653100E0	7.818203E-1
1.669800E0	7.816018E-1
1.686500E0	7.812732E-1
1.703200E0	7.811552E-1
1.719900E0	7.809775E-1
1.736600E0	7.809330E-1
1.753300E0	7.808048E-1
1.770000E0	7.807233E-1
1.786700E0	7.805018E-1
1.803400E0	7.802456E-1
1.820100E0	7.800985E-1
1.836800E0	7.799528E-1
1.853500E0	7.798936E-1
1.870200E0	7.798262E-1
1.886900E0	7.796498E-1
1.903600E0	7.794103E-1
1.920300E0	7.792019E-1
1.936900E0	7.791061E-1
1.953500E0	7.790547E-1
1.970300E0	7.788356E-1
1.987000E0	7.786621E-1
2.003700E0	7.784878E-1
2.020400E0	7.781983E-1
2.037100E0	7.781892E-1
2.053800E0	7.780830E-1
2.070500E0	7.780563E-1
2.087200E0	7.779783E-1
2.103900E0	7.777297E-1
2.120600E0	7.775918E-1
2.137300E0	7.773846E-1
2.154000E0	7.772389E-1
2.170700E0	7.771284E-1
2.187400E0	7.770120E-1
2.204100E0	7.768058E-1
2.220800E0	7.766120E-1
2.237500E0	7.765603E-1
2.254200E0	7.764947E-1
2.270900E0	7.765119E-1
2.287600E0	7.764757E-1
2.304300E0	7.763829E-1
2.321000E0	7.761006E-1
2.337700E0	7.759927E-1
2.354400E0	7.759042E-1
2.371100E0	7.757380E-1
2.387800E0	7.755701E-1
2.404500E0	7.754353E-1
2.421200E0	7.754019E-1
2.437900E0	7.752843E-1
2.454600E0	7.750810E-1
2.471300E0	7.749484E-1
2.488000E0	7.749631E-1
2.504700E0	7.748280E-1
2.521400E0	7.744200E-1
2.538100E0	7.743434E-1
2.554800E0	7.741835E-1
2.571500E0	7.740117E-1
2.588200E0	7.738955E-1
2.604900E0	7.737264E-1
2.621600E0	7.734370E-1
2.638300E0	7.731582E-1
2.655000E0	7.730125E-1
2.671700E0	7.728648E-1
2.688300E0	7.728226E-1
2.704900E0	7.726695E-1
2.721700E0	7.723702E-1
2.738400E0	7.721466E-1
2.755100E0	7.718390E-1
2.771800E0	7.717557E-1
2.788500E0	7.717102E-1
2.805200E0	7.716434E-1
2.821900E0	7.713234E-1
2.838600E0	7.710989E-1
2.855300E0	7.708025E-1
2.872000E0	7.706360E-1
2.888700E0	7.705642E-1
2.905400E0	7.702956E-1
2.922100E0	7.701357E-1
2.938800E0	7.700135E-1
2.955500E0	7.697917E-1
2.972200E0	7.695887E-1
2.988900E0	7.695302E-1
3.005600E0	7.693518E-1
3.022300E0	7.690675E-1
3.039000E0	7.689847E-1
3.055700E0	7.687196E-1
3.072400E0	7.684858E-1
3.089100E0	7.682808E-1
3.105800E0	7.681718E-1
3.122500E0	7.680030E-1
3.139200E0	7.677890E-1
3.155900E0	7.676099E-1
3.172600E0	7.673780E-1
3.189300E0	7.672179E-1
3.206000E0	7.671345E-1
3.222700E0	7.667559E-1
3.239400E0	7.664813E-1
3.256100E0	7.664468E-1
3.272800E0	7.662627E-1
3.289500E0	7.661170E-1
3.306200E0	7.659448E-1
3.322900E0	7.657520E-1
3.339600E0	7.654893E-1
3.356300E0	7.653281E-1
3.373000E0	7.651606E-1
3.389700E0	7.650571E-1
3.406400E0	7.648950E-1
3.423000E0	7.644640E-1
3.439600E0	7.642959E-1
3.456400E0	7.642121E-1
3.473100E0	7.640192E-1
3.489800E0	7.639428E-1
3.506500E0	7.637731E-1
3.523200E0	7.634663E-1
3.539900E0	7.632188E-1
3.556600E0	7.630218E-1
3.573300E0	7.629538E-1
3.590000E0	7.628284E-1
3.606700E0	7.625946E-1
3.623400E0	7.620979E-1
3.640100E0	7.619208E-1
3.656800E0	7.618321E-1
3.673500E0	7.616861E-1
3.690200E0	7.615492E-1
3.706900E0	7.611962E-1
3.723600E0	7.609931E-1
3.740300E0	7.608129E-1
3.757000E0	7.607499E-1
3.773700E0	7.605466E-1
3.790400E0	7.601827E-1
3.807100E0	7.599583E-1
3.823800E0	7.597598E-1
3.840500E0	7.596848E-1
3.857200E0	7.595270E-1
3.873900E0	7.593220E-1
3.890600E0	7.590014E-1
3.907300E0	7.589119E-1
3.924000E0	7.587193E-1
3.940700E0	7.586069E-1
3.957400E0	7.584177E-1
3.974100E0	7.580008E-1
3.990800E0	7.578322E-1
4.007500E0	7.576859E-1
4.024200E0	7.575769E-1
4.040900E0	7.574691E-1
4.057600E0	7.571004E-1
4.074300E0	7.568249E-1
4.091000E0	7.566493E-1
4.107700E0	7.565475E-1
4.124400E0	7.564815E-1
4.141100E0	7.560434E-1
4.157800E0	7.557570E-1
4.174400E0	7.555644E-1
4.191000E0	7.554207E-1
4.207800E0	7.553703E-1
4.224500E0	7.550934E-1
4.241200E0	7.547775E-1
4.257900E0	7.546625E-1
4.274600E0	7.544827E-1
4.291300E0	7.543573E-1
4.308000E0	7.541436E-1
4.324700E0	7.538848E-1
4.341400E0	7.535174E-1
4.358100E0	7.533843E-1
4.374800E0	7.532448E-1
4.391500E0	7.530060E-1
4.408200E0	7.527501E-1
4.424900E0	7.526317E-1
4.441600E0	7.523542E-1
4.458300E0	7.522723E-1
4.475000E0	7.520028E-1
4.491700E0	7.516449E-1
4.508400E0	7.513697E-1
4.525100E0	7.512559E-1
4.541800E0	7.511369E-1
4.558500E0	7.509117E-1
4.575200E0	7.505619E-1
4.591900E0	7.504473E-1
4.608600E0	7.502147E-1
4.625300E0	7.500631E-1
4.642000E0	7.498501E-1
4.658700E0	7.495232E-1
4.675400E0	7.493392E-1
4.692100E0	7.491168E-1
4.708800E0	7.488435E-1
4.725500E0	7.485862E-1
4.742200E0	7.484588E-1
4.758900E0	7.482728E-1
4.775600E0	7.479970E-1
4.792300E0	7.478145E-1
4.809000E0	7.475370E-1
4.825700E0	7.473144E-1
4.842400E0	7.469664E-1
4.859100E0	7.466342E-1
4.875800E0	7.464210E-1
4.892500E0	7.463480E-1
4.909100E0	7.462388E-1
4.925700E0	7.458663E-1
4.942500E0	7.455466E-1
4.959200E0	7.453947E-1
4.975900E0	7.453480E-1
4.992600E0	7.451498E-1
5.009300E0	7.447884E-1
5.026000E0	7.444148E-1
5.042700E0	7.443623E-1
5.059400E0	7.442626E-1
5.076100E0	7.439487E-1
5.092800E0	7.435312E-1
5.109500E0	7.433335E-1
5.126200E0	7.432151E-1
5.142900E0	7.429738E-1
5.159600E0	7.427929E-1
5.176300E0	7.423602E-1
5.193000E0	7.421800E-1
5.209700E0	7.421478E-1
5.226400E0	7.419328E-1
5.243100E0	7.415408E-1
5.259800E0	7.412329E-1
5.276500E0	7.411270E-1
5.293200E0	7.411237E-1
5.309900E0	7.408458E-1
5.326600E0	7.404623E-1
5.343300E0	7.400571E-1
5.360000E0	7.400361E-1
5.376700E0	7.397648E-1
5.393400E0	7.395460E-1
5.410100E0	7.391707E-1
5.426800E0	7.390516E-1
5.443500E0	7.388378E-1
5.460200E0	7.385861E-1
5.476900E0	7.381578E-1
5.493600E0	7.380098E-1
5.510300E0	7.379176E-1
5.527000E0	7.377221E-1
5.543700E0	7.374203E-1
5.560400E0	7.370563E-1
5.577100E0	7.368157E-1
5.593800E0	7.366410E-1
5.610500E0	7.365342E-1
5.627200E0	7.361178E-1
5.643800E0	7.357857E-1
5.660400E0	7.356613E-1
5.677200E0	7.354599E-1
5.693900E0	7.350778E-1
5.710600E0	7.348118E-1
5.727300E0	7.344990E-1
5.744000E0	7.343737E-1
5.760700E0	7.341764E-1
5.777400E0	7.338587E-1
5.794100E0	7.335811E-1
5.810800E0	7.333169E-1
5.827500E0	7.331678E-1
5.844200E0	7.328919E-1
5.860900E0	7.326801E-1
5.877600E0	7.323457E-1
5.894300E0	7.321147E-1
5.911000E0	7.321462E-1
5.927700E0	7.317421E-1
5.944400E0	7.313668E-1
5.961100E0	7.311642E-1
5.977800E0	7.311173E-1
5.994500E0	7.307060E-1
6.011200E0	7.304695E-1
6.027900E0	7.302162E-1
6.044600E0	7.299966E-1
6.061300E0	7.298780E-1
6.078000E0	7.295353E-1
6.094700E0	7.292153E-1
6.111400E0	7.290029E-1
6.128100E0	7.288509E-1
6.144800E0	7.285257E-1
6.161500E0	7.283354E-1
6.178200E0	7.281163E-1
6.194900E0	7.279056E-1
6.211600E0	7.276880E-1
6.228300E0	7.272349E-1
6.245000E0	7.269320E-1
6.261700E0	7.268170E-1
6.278400E0	7.266338E-1
6.295100E0	7.262453E-1
6.311800E0	7.259741E-1
6.328500E0	7.257819E-1
6.345200E0	7.255211E-1
6.361900E0	7.251698E-1
6.378600E0	7.249084E-1
6.395200E0	7.246858E-1
6.411800E0	7.246691E-1
6.428600E0	7.242415E-1
6.462000E0	7.237755E-1
6.478689E0	7.236890E-1
6.495378E0	7.232439E-1
6.512067E0	7.228970E-1
6.528756E0	7.226894E-1
6.545444E0	7.225627E-1
6.562133E0	7.221960E-1
6.578822E0	7.218458E-1
6.595511E0	7.216229E-1
6.612200E0	7.215494E-1
6.628889E0	7.211223E-1
6.645578E0	7.207097E-1
6.662267E0	7.206065E-1
6.679067E0	7.202232E-1
6.695767E0	7.198895E-1
6.712467E0	7.196733E-1
6.729167E0	7.194510E-1
6.745867E0	7.191946E-1
6.762567E0	7.187236E-1
6.779267E0	7.183983E-1
6.795967E0	7.182172E-1
6.812667E0	7.179382E-1
6.829367E0	7.175629E-1
6.846067E0	7.173188E-1
6.862767E0	7.170944E-1
6.879467E0	7.168000E-1
6.896167E0	7.164428E-1
6.912867E0	7.161990E-1
6.929567E0	7.159571E-1
6.962922E0	7.153243E-1
6.979622E0	7.151341E-1
6.996322E0	7.149348E-1
7.013022E0	7.146154E-1
7.029722E0	7.141845E-1
7.046422E0	7.140554E-1
7.063122E0	7.139524E-1
7.079822E0	7.135514E-1
7.096522E0	7.131530E-1
7.113222E0	7.130496E-1
7.129922E0	7.127806E-1
7.146622E0	7.124358E-1
7.163322E0	7.120458E-1
7.180022E0	7.118615E-1
7.196722E0	7.115135E-1
7.213422E0	7.111722E-1
7.230122E0	7.107910E-1
7.246822E0	7.105943E-1
7.280189E0	7.098878E-1
7.296878E0	7.095992E-1
7.313567E0	7.094162E-1
7.330256E0	7.090943E-1
7.346944E0	7.086952E-1
7.363633E0	7.084118E-1
7.380322E0	7.082226E-1
7.397011E0	7.078609E-1
7.413700E0	7.075095E-1
7.430389E0	7.072770E-1
7.447078E0	7.070179E-1
7.463767E0	7.065890E-1
7.480456E0	7.062445E-1
7.497144E0	7.061132E-1
7.513944E0	7.058159E-1
7.530644E0	7.053255E-1
7.547344E0	7.051430E-1
7.564044E0	7.049419E-1
7.580744E0	7.045589E-1
7.597444E0	7.041751E-1
7.614144E0	7.040385E-1
7.630844E0	7.037724E-1
7.647544E0	7.032396E-1
7.664244E0	7.030540E-1
7.680944E0	7.028895E-1
7.697644E0	7.024049E-1
7.714344E0	7.020582E-1
7.731044E0	7.019301E-1
7.747744E0	7.016454E-1
7.764444E0	7.011967E-1
7.781144E0	7.009013E-1
7.797844E0	7.008197E-1
7.814544E0	7.004165E-1
7.831244E0	6.999602E-1
7.847944E0	6.998395E-1
7.864644E0	6.994858E-1
7.881344E0	6.989739E-1
7.898044E0	6.987608E-1
7.914744E0	6.986565E-1
7.931444E0	6.982198E-1
7.948144E0	6.978054E-1
7.964844E0	6.976968E-1
7.981544E0	6.974253E-1
7.998244E0	6.968562E-1
8.014944E0	6.966667E-1
8.031644E0	6.964535E-1
8.048344E0	6.958502E-1
8.065044E0	6.955358E-1
8.081744E0	6.954220E-1
8.098444E0	6.950983E-1
8.115044E0	6.946317E-1
8.131644E0	6.943907E-1
8.148444E0	6.941136E-1
8.165144E0	6.936643E-1
8.181844E0	6.932700E-1
8.198544E0	6.931113E-1
8.215244E0	6.928714E-1
8.231944E0	6.921847E-1
8.248644E0	6.919721E-1
8.265344E0	6.918400E-1
8.282044E0	6.913733E-1
8.298744E0	6.910018E-1
8.315444E0	6.909033E-1
8.332144E0	6.904766E-1
8.348844E0	6.899929E-1
8.365544E0	6.898691E-1
8.382244E0	6.894702E-1
8.398944E0	6.889832E-1
8.415644E0	6.887922E-1
8.432344E0	6.887141E-1
8.449044E0	6.881071E-1
8.465744E0	6.877468E-1
8.482444E0	6.876510E-1
8.499144E0	6.870814E-1
8.515844E0	6.867572E-1
8.532544E0	6.866424E-1
8.549244E0	6.862793E-1
8.565944E0	6.857415E-1
8.582644E0	6.855493E-1
8.599344E0	6.851260E-1
8.616044E0	6.846522E-1
8.632744E0	6.844493E-1
8.649444E0	6.841442E-1
8.666144E0	6.837392E-1
8.682844E0	6.833935E-1
8.699544E0	6.830670E-1
8.716244E0	6.826401E-1
8.732944E0	6.823240E-1
8.749644E0	6.820223E-1
8.766344E0	6.818062E-1
8.783044E0	6.814065E-1
8.799744E0	6.809795E-1
8.816444E0	6.809098E-1
8.833144E0	6.803628E-1
8.866444E0	6.797297E-1
8.883144E0	6.794537E-1
8.899844E0	6.791407E-1
8.916544E0	6.788146E-1
8.933244E0	6.785762E-1
8.949944E0	6.781720E-1
8.966644E0	6.778386E-1
8.983344E0	6.776018E-1
9.000044E0	6.772776E-1
9.016744E0	6.768541E-1
9.033444E0	6.766201E-1
9.050144E0	6.762779E-1
9.066844E0	6.759586E-1
9.083544E0	6.755732E-1
9.100244E0	6.753886E-1
9.116944E0	6.747739E-1
9.133644E0	6.745094E-1
9.150344E0	6.743882E-1
9.167044E0	6.739248E-1
9.183744E0	6.736005E-1
9.200444E0	6.734795E-1
9.217144E0	6.731172E-1
9.233844E0	6.727013E-1
9.250544E0	6.724087E-1
9.283889E0	6.717734E-1
9.300589E0	6.714963E-1
9.317289E0	6.712501E-1
9.350678E0	6.704337E-1
9.367378E0	6.702258E-1
9.400778E0	6.694434E-1
9.417478E0	6.692178E-1
9.434178E0	6.689215E-1
9.450878E0	6.684026E-1
9.467578E0	6.681472E-1
9.500967E0	6.674664E-1
9.517656E0	6.671166E-1
9.534344E0	6.669057E-1
9.551033E0	6.662291E-1
9.584456E0	6.656578E-1
9.601144E0	6.651626E-1
9.617833E0	6.649364E-1
9.634522E0	6.647251E-1
9.651211E0	6.642549E-1
9.667900E0	6.639422E-1
9.684589E0	6.637073E-1
9.701278E0	6.631072E-1
9.717967E0	6.628445E-1
9.734656E0	6.626467E-1
9.751344E0	6.620051E-1
9.768033E0	6.618044E-1
9.784722E0	6.614910E-1
9.801411E0	6.611058E-1
9.818211E0	6.607872E-1
9.834911E0	6.603992E-1
9.851611E0	6.599255E-1
9.868311E0	6.597072E-1
9.885011E0	6.594342E-1
9.901711E0	6.590657E-1
9.935089E0	6.584559E-1
9.951789E0	6.578892E-1
9.985189E0	6.571810E-1
1.000189E1	6.568764E-1
1.001859E1	6.565643E-1
1.003529E1	6.563556E-1
1.005199E1	6.558205E-1
1.006869E1	6.555612E-1
1.008539E1	6.550958E-1
1.010209E1	6.546613E-1
1.011879E1	6.544224E-1
1.013549E1	6.540301E-1
1.015219E1	6.536545E-1
1.016889E1	6.534115E-1
1.020227E1	6.525067E-1
1.021897E1	6.522994E-1
1.023567E1	6.518084E-1
1.025237E1	6.514426E-1
1.026907E1	6.512414E-1
1.028577E1	6.507737E-1
1.030247E1	6.504408E-1
1.031917E1	6.501448E-1
1.033587E1	6.497445E-1
1.035257E1	6.493915E-1
1.036927E1	6.491539E-1
1.040264E1	6.482118E-1
1.041934E1	6.479734E-1
1.043604E1	6.475268E-1
1.045274E1	6.472578E-1
1.046944E1	6.470266E-1
1.048614E1	6.465205E-1
1.050284E1	6.462364E-1
1.051954E1	6.457011E-1
1.053624E1	6.452935E-1
1.055294E1	6.450518E-1
1.056964E1	6.446311E-1
1.058634E1	6.443299E-1
1.060304E1	6.440018E-1
1.061974E1	6.434297E-1
1.063644E1	6.432130E-1
1.065314E1	6.429351E-1
1.066984E1	6.424917E-1
1.068654E1	6.421810E-1
1.070324E1	6.418292E-1
1.071994E1	6.412963E-1
1.073664E1	6.411079E-1
1.075334E1	6.407408E-1
1.080338E1	6.395654E-1
1.082008E1	6.392696E-1
1.083678E1	6.389702E-1
1.085348E1	6.384409E-1
1.087018E1	6.382085E-1
1.088688E1	6.379333E-1
1.090358E1	6.374033E-1
1.092028E1	6.371366E-1
1.095366E1	6.363242E-1
1.097036E1	6.361145E-1
1.098706E1	6.356134E-1
1.100376E1	6.351593E-1
1.102046E1	6.348405E-1
1.103716E1	6.344113E-1
1.105386E1	6.342039E-1
1.107056E1	6.338015E-1
1.108726E1	6.346430E-1
1.110396E1	6.343738E-1
1.112066E1	6.337444E-1
1.113736E1	6.334735E-1
1.115406E1	6.331206E-1
1.117076E1	6.326239E-1
1.118746E1	6.323993E-1
1.120416E1	6.320135E-1
1.122086E1	6.315416E-1
1.125421E1	6.307203E-1
1.127091E1	6.304495E-1
1.128761E1	6.301687E-1
1.130431E1	6.297099E-1
1.132101E1	6.293645E-1
1.133771E1	6.290461E-1
1.135441E1	6.285544E-1
1.137111E1	6.282390E-1
1.138781E1	6.277998E-1
1.140451E1	6.272696E-1
1.142121E1	6.270888E-1
1.143791E1	6.267138E-1
1.145461E1	6.262824E-1
1.147131E1	6.260287E-1
1.148801E1	6.255247E-1
1.152138E1	6.248108E-1
1.153808E1	6.243195E-1
1.155478E1	6.239263E-1
1.157148E1	6.236006E-1
1.158818E1	6.231886E-1
1.160488E1	6.228636E-1
1.162158E1	6.224819E-1
1.163828E1	6.220013E-1
1.165498E1	6.216481E-1
1.167168E1	6.210891E-1
1.168838E1	6.207554E-1
1.172177E1	6.199324E-1
1.173847E1	6.197356E-1
1.175517E1	6.192406E-1
1.177187E1	6.188493E-1
1.178857E1	6.185743E-1
1.180527E1	6.180488E-1
1.182197E1	6.177725E-1
1.183867E1	6.174853E-1
1.185537E1	6.168599E-1
1.187207E1	6.165749E-1
1.188877E1	6.162707E-1
1.190547E1	6.156900E-1
1.192217E1	6.154200E-1
1.193887E1	6.148915E-1
1.195557E1	6.145455E-1
1.197227E1	6.142723E-1
1.198897E1	6.136274E-1
1.200567E1	6.133523E-1
1.202237E1	6.129225E-1
1.203907E1	6.124915E-1
1.205577E1	6.121853E-1
1.208911E1	6.113435E-1
1.210581E1	6.110587E-1
1.212251E1	6.104322E-1
1.213921E1	6.101454E-1
1.215591E1	6.096828E-1
1.217261E1	6.093100E-1
1.218931E1	6.089943E-1
1.220601E1	6.084204E-1
1.222271E1	6.081331E-1
1.223941E1	6.077147E-1
1.225611E1	6.072103E-1
1.227281E1	6.069053E-1
1.228951E1	6.064205E-1
1.230621E1	6.060978E-1
1.232291E1	6.058319E-1
1.233961E1	6.052463E-1
1.235631E1	6.049265E-1
1.237301E1	6.044393E-1
1.238971E1	6.040786E-1
1.240641E1	6.037415E-1
1.242311E1	6.031873E-1
1.243981E1	6.030027E-1
1.245651E1	6.026333E-1
1.247321E1	6.019707E-1
1.248991E1	6.016891E-1
1.250661E1	6.011190E-1
1.252331E1	6.008143E-1
1.254001E1	6.004339E-1
1.255671E1	5.998690E-1
1.257341E1	5.995977E-1
1.259011E1	5.990928E-1
1.260681E1	5.987339E-1
1.262351E1	5.983372E-1
1.264021E1	5.977776E-1
1.265691E1	5.974899E-1
1.267361E1	5.968753E-1
1.269031E1	5.966136E-1
1.270701E1	5.961707E-1
1.272371E1	5.955619E-1
1.274041E1	5.953727E-1
1.275711E1	5.947439E-1
1.277381E1	5.944440E-1
1.279051E1	5.940738E-1
1.280711E1	5.934384E-1
1.282371E1	5.931591E-1
1.284051E1	5.926543E-1
1.285721E1	5.923129E-1
1.287391E1	5.919981E-1
1.289061E1	5.913797E-1
1.290731E1	5.911422E-1
1.292401E1	5.904510E-1
1.294071E1	5.901430E-1
1.295741E1	5.896388E-1
1.297411E1	5.891951E-1
1.299081E1	5.889232E-1
1.300751E1	5.883557E-1
1.302421E1	5.880053E-1
1.304091E1	5.876711E-1
1.305761E1	5.870488E-1
1.307431E1	5.867162E-1
1.309101E1	5.861035E-1
1.310771E1	5.858050E-1
1.312441E1	5.852562E-1
1.314111E1	5.849202E-1
1.315781E1	5.845326E-1
1.317451E1	5.839630E-1
1.319121E1	5.836944E-1
1.320791E1	5.831494E-1
1.322461E1	5.827561E-1
1.324131E1	5.823692E-1
1.325801E1	5.818311E-1
1.327471E1	5.815186E-1
1.329141E1	5.809346E-1
1.330811E1	5.805490E-1
1.332481E1	5.801302E-1
1.334151E1	5.796430E-1
1.335821E1	5.792602E-1
1.337491E1	5.786808E-1
1.339161E1	5.784129E-1
1.340831E1	5.779229E-1
1.342501E1	5.774961E-1
1.344171E1	5.771923E-1
1.345841E1	5.764577E-1
1.347511E1	5.761320E-1
1.349181E1	5.755573E-1
1.350851E1	5.752123E-1
1.352521E1	5.747877E-1
1.354191E1	5.742835E-1
1.355851E1	5.740107E-1
1.357511E1	5.733762E-1
1.359191E1	5.729996E-1
1.360861E1	5.724597E-1
1.362531E1	5.719994E-1
1.364201E1	5.716406E-1
1.365871E1	5.711661E-1
1.367541E1	5.707721E-1
1.369211E1	5.702493E-1
1.370881E1	5.697992E-1
1.372551E1	5.693366E-1
1.374221E1	5.688921E-1
1.375891E1	5.686427E-1
1.377561E1	5.679755E-1
1.379231E1	5.676147E-1
1.380901E1	5.672379E-1
1.382571E1	5.667404E-1
1.384241E1	5.664383E-1
1.385911E1	5.658910E-1
1.387581E1	5.655632E-1
1.389251E1	5.649250E-1
1.390921E1	5.645532E-1
1.392591E1	5.640811E-1
1.394261E1	5.636058E-1
1.395931E1	5.632758E-1
1.397601E1	5.627410E-1
1.399271E1	5.623444E-1
1.400941E1	5.618362E-1
1.402611E1	5.613657E-1
1.404281E1	5.609451E-1
1.405951E1	5.604763E-1
1.407621E1	5.601135E-1
1.409291E1	5.595567E-1
1.410961E1	5.592101E-1
1.412631E1	5.587260E-1
1.414301E1	5.581458E-1
1.415971E1	5.577078E-1
1.417641E1	5.572563E-1
1.419311E1	5.569165E-1
1.420981E1	5.563991E-1
1.422651E1	5.560142E-1
1.424321E1	5.554820E-1
1.425991E1	5.550741E-1
1.427661E1	5.545517E-1
1.429331E1	5.541698E-1
1.431001E1	5.537146E-1
1.432671E1	5.532586E-1
1.434341E1	5.528285E-1
1.436011E1	5.522865E-1
1.437681E1	5.518698E-1
1.439351E1	5.512658E-1
1.441021E1	5.509198E-1
1.442691E1	5.503709E-1
1.444361E1	5.499929E-1
1.446031E1	5.495539E-1
1.447701E1	5.490756E-1
1.449371E1	5.486599E-1
1.451041E1	5.481475E-1
1.452711E1	5.476639E-1
1.454371E1	5.471518E-1
1.456031E1	5.468384E-1
1.457711E1	5.463088E-1
1.459381E1	5.458702E-1
1.461051E1	5.454065E-1
1.462721E1	5.448653E-1
1.464391E1	5.445018E-1
1.466061E1	5.439534E-1
1.467731E1	5.436370E-1
1.469401E1	5.430927E-1
1.471071E1	5.426913E-1
1.472741E1	5.422859E-1
1.474411E1	5.417032E-1
1.476081E1	5.413190E-1
1.477751E1	5.406995E-1
1.479421E1	5.404042E-1
1.481091E1	5.398574E-1
1.482761E1	5.394658E-1
1.484431E1	5.389339E-1
1.486101E1	5.384559E-1
1.487771E1	5.381385E-1
1.489441E1	5.374907E-1
1.491111E1	5.371863E-1
1.492781E1	5.364650E-1
1.494451E1	5.362008E-1
1.496121E1	5.355269E-1
1.497791E1	5.352280E-1
1.499461E1	5.346911E-1
1.501131E1	5.342141E-1
1.502801E1	5.338280E-1
1.504471E1	5.331597E-1
1.506141E1	5.328702E-1
1.507811E1	5.321892E-1
1.509481E1	5.319524E-1
1.511151E1	5.312299E-1
1.512821E1	5.309065E-1
1.514491E1	5.302379E-1
1.516161E1	5.299204E-1
1.517831E1	5.295186E-1
1.519501E1	5.289067E-1
1.521171E1	5.284591E-1
1.522841E1	5.278755E-1
1.524511E1	5.275784E-1
1.526181E1	5.269126E-1
1.527841E1	5.266307E-1
1.529501E1	5.258980E-1
1.531181E1	5.256112E-1
1.532851E1	5.249932E-1
1.534521E1	5.246092E-1
1.536191E1	5.241426E-1
1.537861E1	5.236019E-1
1.539531E1	5.232233E-1
1.541201E1	5.226221E-1
1.542871E1	5.221384E-1
1.544541E1	5.215675E-1
1.546211E1	5.212306E-1
1.547881E1	5.205435E-1
1.549551E1	5.202575E-1
1.551221E1	5.195697E-1
1.552891E1	5.192525E-1
1.554561E1	5.186109E-1
1.556231E1	5.182331E-1
1.557901E1	5.177027E-1
1.559571E1	5.172345E-1
1.561241E1	5.167849E-1
1.562911E1	5.162107E-1
1.564581E1	5.157224E-1
1.566251E1	5.151545E-1
1.567921E1	5.148333E-1
1.569591E1	5.141086E-1
1.571261E1	5.137603E-1
1.572931E1	5.130272E-1
1.574601E1	5.127886E-1
1.576271E1	5.121162E-1
1.577941E1	5.117982E-1
1.579611E1	5.110864E-1
1.581281E1	5.107559E-1
1.582951E1	5.101994E-1
1.584621E1	5.097911E-1
1.586291E1	5.092097E-1
1.587961E1	5.087431E-1
1.589631E1	5.083660E-1
1.591301E1	5.077329E-1
1.592971E1	5.073366E-1
1.594641E1	5.066827E-1
1.597972E1	5.056480E-1
1.599642E1	5.052549E-1
1.601312E1	5.046083E-1
1.602982E1	5.042861E-1
1.604652E1	5.036294E-1
1.606322E1	5.033342E-1
1.607992E1	5.025903E-1
1.609662E1	5.022897E-1
1.611332E1	5.016484E-1
1.613002E1	5.013271E-1
1.614672E1	5.006506E-1
1.616342E1	5.003206E-1
1.618012E1	4.997975E-1
1.619682E1	4.992551E-1
1.621352E1	4.987537E-1
1.623022E1	4.981990E-1
1.624692E1	4.978425E-1
1.626362E1	4.971434E-1
1.628032E1	4.967239E-1
1.629702E1	4.960941E-1
1.631372E1	4.957351E-1
1.633042E1	4.950709E-1
1.634712E1	4.946308E-1
1.636382E1	4.940094E-1
1.638052E1	4.936633E-1
1.639722E1	4.929416E-1
1.641392E1	4.925242E-1
1.643062E1	4.918956E-1
1.644732E1	4.915068E-1
1.646402E1	4.908689E-1
1.648072E1	4.904391E-1
1.649742E1	4.897731E-1
1.651412E1	4.893683E-1
1.653082E1	4.887827E-1
1.654752E1	4.882579E-1
1.656422E1	4.876620E-1
1.658092E1	4.872305E-1
1.659762E1	4.866490E-1
1.661432E1	4.860868E-1
1.663102E1	4.855263E-1
1.664772E1	4.850693E-1
1.666442E1	4.846143E-1
1.668112E1	4.840019E-1
1.669782E1	4.834185E-1
1.671452E1	4.829331E-1
1.673122E1	4.824424E-1
1.674792E1	4.818754E-1
1.676452E1	4.813206E-1
1.678112E1	4.808235E-1
1.679792E1	4.803572E-1
1.681462E1	4.797576E-1
1.683132E1	4.791784E-1
1.684802E1	4.787263E-1
1.686472E1	4.782191E-1
1.688142E1	4.776246E-1
1.689812E1	4.770758E-1
1.691482E1	4.765786E-1
1.693152E1	4.760705E-1
1.694822E1	4.755110E-1
1.696492E1	4.749432E-1
1.698162E1	4.744916E-1
1.699832E1	4.739920E-1
1.701502E1	4.734036E-1
1.703172E1	4.728245E-1
1.704842E1	4.723694E-1
1.706512E1	4.718355E-1
1.708182E1	4.713057E-1
1.709852E1	4.707055E-1
1.711522E1	4.702228E-1
1.713192E1	4.697058E-1
1.714862E1	4.691737E-1
1.716532E1	4.685780E-1
1.718202E1	4.681361E-1
1.719872E1	4.675655E-1
1.721542E1	4.670409E-1
1.723212E1	4.664529E-1
1.724882E1	4.659960E-1
1.726552E1	4.654142E-1
1.728222E1	4.649517E-1
1.729892E1	4.643253E-1
1.731562E1	4.638393E-1
1.733232E1	4.633055E-1
1.734902E1	4.627778E-1
1.736572E1	4.621344E-1
1.738242E1	4.617741E-1
1.739912E1	4.611787E-1
1.741582E1	4.607024E-1
1.743252E1	4.600749E-1
1.744922E1	4.596606E-1
1.746592E1	4.590299E-1
1.748262E1	4.585673E-1
1.749932E1	4.579343E-1
1.751592E1	4.575651E-1
1.753252E1	4.568508E-1
1.754932E1	4.564435E-1
1.756602E1	4.558076E-1
1.758272E1	4.553960E-1
1.759942E1	4.547291E-1
1.761612E1	4.543251E-1
1.763282E1	4.537104E-1
1.764952E1	4.532869E-1
1.766622E1	4.526586E-1
1.768292E1	4.522583E-1
1.769962E1	4.515766E-1
1.771632E1	4.512490E-1
1.773302E1	4.505334E-1
1.774972E1	4.500249E-1
1.776642E1	4.494571E-1
1.778312E1	4.490363E-1
1.779982E1	4.484267E-1
1.781652E1	4.478489E-1
1.783322E1	4.473551E-1
1.784992E1	4.468251E-1
1.786662E1	4.462915E-1
1.788332E1	4.457077E-1
1.790002E1	4.452791E-1
1.791672E1	4.447377E-1
1.793342E1	4.441944E-1
1.795012E1	4.436278E-1
1.796682E1	4.431636E-1
1.798352E1	4.425963E-1
1.800022E1	4.420986E-1
1.801692E1	4.414025E-1
1.803362E1	4.410482E-1
1.805032E1	4.404518E-1
1.806702E1	4.399638E-1
1.808372E1	4.392450E-1
1.810042E1	4.389308E-1
1.811712E1	4.382287E-1
1.813382E1	4.378544E-1
1.815052E1	4.371780E-1
1.816722E1	4.368118E-1
1.818392E1	4.361332E-1
1.820062E1	4.356621E-1
1.821732E1	4.350716E-1
1.823402E1	4.346550E-1
1.825062E1	4.340187E-1
1.826722E1	4.335116E-1
1.828402E1	4.329348E-1
1.830072E1	4.324115E-1
1.831742E1	4.318901E-1
1.833412E1	4.312657E-1
1.835082E1	4.307541E-1
1.836752E1	4.300500E-1
1.838422E1	4.295434E-1
1.840092E1	4.288185E-1
1.841762E1	4.284149E-1
1.843432E1	4.277766E-1
1.845102E1	4.273141E-1
1.846772E1	4.265757E-1
1.848442E1	4.262544E-1
1.850112E1	4.255109E-1
1.851782E1	4.249971E-1
1.853452E1	4.245419E-1
1.855122E1	4.239883E-1
1.856792E1	4.233963E-1
1.858462E1	4.227953E-1
1.860132E1	4.222996E-1
1.861802E1	4.216167E-1
1.863472E1	4.211219E-1
1.865142E1	4.202849E-1
1.866812E1	4.198759E-1
1.868482E1	4.193300E-1
1.870152E1	4.187280E-1
1.871822E1	4.182101E-1
1.873492E1	4.175521E-1
1.875162E1	4.170841E-1
1.876832E1	4.164022E-1
1.878502E1	4.160404E-1
1.880172E1	4.153042E-1
1.881842E1	4.148148E-1
1.883512E1	4.141125E-1
1.885182E1	4.136381E-1
1.886852E1	4.129357E-1
1.888522E1	4.123268E-1
1.890192E1	4.118584E-1
1.891862E1	4.113622E-1
1.893532E1	4.108503E-1
1.895202E1	4.100228E-1
1.896872E1	4.096074E-1
1.898532E1	4.088489E-1
1.900192E1	4.083761E-1
1.901872E1	4.076506E-1
1.903542E1	4.072281E-1
1.905212E1	4.065822E-1
1.906882E1	4.059843E-1
1.908552E1	4.054248E-1
1.910222E1	4.048969E-1
1.911892E1	4.044075E-1
1.913562E1	4.037349E-1
1.915232E1	4.032480E-1
1.916902E1	4.024704E-1
1.918572E1	4.019915E-1
1.920242E1	4.012857E-1
1.921912E1	4.007660E-1
1.923582E1	4.002453E-1
1.925252E1	3.995113E-1
1.926922E1	3.990979E-1
1.928592E1	3.983411E-1
1.930262E1	3.979493E-1
1.931932E1	3.971294E-1
1.933602E1	3.966413E-1
1.935272E1	3.959473E-1
1.936942E1	3.953003E-1
1.938612E1	3.948256E-1
1.940282E1	3.941727E-1
1.941952E1	3.936720E-1
1.943622E1	3.928855E-1
1.945292E1	3.924296E-1
1.946962E1	3.917683E-1
1.948632E1	3.911508E-1
1.950302E1	3.906407E-1
1.951972E1	3.900415E-1
1.953642E1	3.894384E-1
1.955312E1	3.886759E-1
1.956982E1	3.881801E-1
1.958652E1	3.875389E-1
1.960322E1	3.869357E-1
1.961992E1	3.863671E-1
1.963662E1	3.857637E-1
1.965332E1	3.852105E-1
1.967002E1	3.843951E-1
1.968672E1	3.839526E-1
1.970342E1	3.832676E-1
1.972012E1	3.827075E-1
1.973672E1	3.821934E-1
1.975332E1	3.814880E-1
1.977012E1	3.809945E-1
1.978682E1	3.801962E-1
1.980352E1	3.797407E-1
1.982022E1	3.790404E-1
1.983692E1	3.784655E-1
1.985362E1	3.779189E-1
1.987032E1	3.772469E-1
1.988702E1	3.766471E-1
1.990372E1	3.759548E-1
1.992042E1	3.754596E-1
1.993712E1	3.748238E-1
1.995382E1	3.740398E-1
1.997052E1	3.736084E-1
1.998722E1	3.727942E-1
2.000392E1	3.722799E-1
2.002062E1	3.716168E-1
2.003732E1	3.709067E-1
2.005402E1	3.703916E-1
2.007072E1	3.696443E-1
2.008742E1	3.691954E-1
2.010412E1	3.684913E-1
2.012082E1	3.677783E-1
2.013752E1	3.672206E-1
2.015422E1	3.664426E-1
2.017092E1	3.659282E-1
2.018762E1	3.652284E-1
2.020432E1	3.647815E-1
2.022102E1	3.641831E-1
2.023772E1	3.634379E-1
2.025442E1	3.629688E-1
2.027112E1	3.622283E-1
2.028782E1	3.616750E-1
2.030452E1	3.610856E-1
2.032122E1	3.604011E-1
2.033792E1	3.598637E-1
2.035462E1	3.590621E-1
2.037132E1	3.585926E-1
2.038802E1	3.579282E-1
2.040472E1	3.573230E-1
2.042142E1	3.567677E-1
2.043812E1	3.560759E-1
2.045482E1	3.555396E-1
2.047142E1	3.547670E-1
2.048802E1	3.543326E-1
2.050482E1	3.536762E-1
2.052152E1	3.529848E-1
2.053822E1	3.524915E-1
2.055492E1	3.517056E-1
2.057162E1	3.511917E-1
2.058832E1	3.504124E-1
2.060502E1	3.500030E-1
2.062172E1	3.493270E-1
2.063842E1	3.486474E-1
2.065512E1	3.481579E-1
2.067182E1	3.474160E-1
2.068852E1	3.468322E-1
2.070522E1	3.462350E-1
2.072192E1	3.455310E-1
2.073862E1	3.449731E-1
2.075532E1	3.441925E-1
2.077202E1	3.438033E-1
2.078872E1	3.430438E-1
2.080542E1	3.424260E-1
2.082212E1	3.417813E-1
2.083882E1	3.410467E-1
2.085552E1	3.406433E-1
2.087222E1	3.397987E-1
2.088892E1	3.392069E-1
2.090562E1	3.385338E-1
2.092232E1	3.377761E-1
2.093902E1	3.374035E-1
2.095572E1	3.365560E-1
2.097242E1	3.360077E-1
2.098912E1	3.353114E-1
2.100582E1	3.347292E-1
2.102252E1	3.341586E-1
2.103922E1	3.333615E-1
2.105592E1	3.327466E-1
2.107262E1	3.321907E-1
2.108932E1	3.313216E-1
2.110602E1	3.309928E-1
2.112272E1	3.300925E-1
2.113942E1	3.295386E-1
2.115612E1	3.289850E-1
2.117282E1	3.282507E-1
2.118952E1	3.278168E-1
2.120612E1	3.269137E-1
2.122272E1	3.263980E-1
2.123952E1	3.257806E-1
2.125622E1	3.249395E-1
2.127292E1	3.245905E-1
2.128962E1	3.237546E-1
2.130632E1	3.230191E-1
2.132302E1	3.226216E-1
2.133972E1	3.217296E-1
2.135642E1	3.213914E-1
2.137312E1	3.205478E-1
2.138982E1	3.198036E-1
2.140652E1	3.194145E-1
2.142322E1	3.185121E-1
2.143992E1	3.179747E-1
2.145662E1	3.173180E-1
2.147332E1	3.164647E-1
2.149002E1	3.161271E-1
2.150672E1	3.152513E-1
2.152342E1	3.144566E-1
2.154012E1	3.140656E-1
2.155682E1	3.132554E-1
2.157352E1	3.127756E-1
2.159022E1	3.120188E-1
2.160692E1	3.111198E-1
2.162362E1	3.108137E-1
2.164032E1	3.099942E-1
2.165702E1	3.095034E-1
2.167372E1	3.088614E-1
2.169042E1	3.078909E-1
2.170712E1	3.076244E-1
2.172382E1	3.067955E-1
2.174052E1	3.058875E-1
2.175722E1	3.055736E-1
2.177392E1	3.046964E-1
2.179062E1	3.039986E-1
2.180732E1	3.035565E-1
2.182402E1	3.026354E-1
2.184072E1	3.020559E-1
2.185742E1	3.014744E-1
2.187412E1	3.005225E-1
2.189082E1	3.003034E-1
2.190752E1	2.993955E-1
2.192422E1	2.984961E-1
2.194092E1	2.982320E-1
2.195752E1	2.972734E-1
2.197412E1	2.967100E-1
2.199092E1	2.961406E-1
2.200762E1	2.952497E-1
2.202432E1	2.949449E-1
2.204102E1	2.940620E-1
2.205772E1	2.931642E-1
2.207442E1	2.929045E-1
2.209112E1	2.919835E-1
2.210782E1	2.914017E-1
2.212452E1	2.908418E-1
2.214122E1	2.899259E-1
2.215792E1	2.897085E-1
2.217462E1	2.888156E-1
2.219132E1	2.879000E-1
2.220802E1	2.875877E-1
2.222472E1	2.866754E-1
2.224142E1	2.857329E-1
2.225812E1	2.855647E-1
2.227482E1	2.846041E-1
2.229152E1	2.840086E-1
2.230822E1	2.834513E-1
2.232492E1	2.825477E-1
2.234162E1	2.822834E-1
2.235832E1	2.814063E-1
2.237502E1	2.805028E-1
2.239172E1	2.801839E-1
2.240842E1	2.792906E-1
2.242512E1	2.783676E-1
2.244182E1	2.781110E-1
2.245852E1	2.772001E-1
2.247522E1	2.762554E-1
2.249192E1	2.759854E-1
2.250862E1	2.750531E-1
2.252532E1	2.741439E-1
2.254202E1	2.738713E-1
2.255872E1	2.729552E-1
2.257542E1	2.724623E-1
2.259212E1	2.717728E-1
2.260882E1	2.709536E-1
2.262552E1	2.703556E-1
2.264222E1	2.696518E-1
2.265892E1	2.688335E-1
2.267562E1	2.681654E-1
2.269222E1	2.675177E-1
2.270882E1	2.666934E-1
2.272562E1	2.661171E-1
2.274232E1	2.653806E-1
2.275902E1	2.645733E-1
2.277572E1	2.639855E-1
2.279242E1	2.632721E-1
2.280912E1	2.624692E-1
2.282582E1	2.618651E-1
2.284252E1	2.611427E-1
2.285922E1	2.603509E-1
2.287592E1	2.596986E-1
2.289262E1	2.590511E-1
2.290932E1	2.582367E-1
2.292602E1	2.576515E-1
2.294272E1	2.569307E-1
2.295942E1	2.561492E-1
2.297612E1	2.555616E-1
2.299282E1	2.547946E-1
2.300952E1	2.539495E-1
2.302622E1	2.533136E-1
2.304292E1	2.526862E-1
2.305962E1	2.518456E-1
2.307632E1	2.512139E-1
2.309302E1	2.505463E-1
2.310972E1	2.497857E-1
2.312642E1	2.490869E-1
2.314312E1	2.484725E-1
2.315982E1	2.475822E-1
2.317652E1	2.469638E-1
2.319322E1	2.463653E-1
2.320992E1	2.454842E-1
2.322662E1	2.448302E-1
2.324332E1	2.442355E-1
2.326002E1	2.434049E-1
2.327672E1	2.427038E-1
2.329342E1	2.421420E-1
2.331012E1	2.412391E-1
2.332682E1	2.405248E-1
2.334352E1	2.400118E-1
2.336022E1	2.391359E-1
2.337692E1	2.384126E-1
2.339362E1	2.379400E-1
2.341032E1	2.370378E-1
2.342702E1	2.362398E-1
2.344362E1	2.357632E-1
2.346022E1	2.349257E-1
2.347702E1	2.339792E-1
2.349372E1	2.335314E-1
2.351042E1	2.327677E-1
2.354381E1	2.313510E-1
2.356051E1	2.305763E-1
2.357721E1	2.296722E-1
2.359391E1	2.291087E-1
2.361061E1	2.284469E-1
2.362731E1	2.274923E-1
