0.000000E0	7.345712E1
1.670000E-2	7.345681E1
3.340000E-2	7.344422E1
5.010000E-2	7.344218E1
8.346667E-2	7.338438E1
1.001667E-1	7.337970E1
1.168667E-1	7.337999E1
1.335667E-1	7.337592E1
1.502667E-1	7.336456E1
1.669667E-1	7.334949E1
1.836667E-1	7.334592E1
2.003667E-1	7.333836E1
2.170667E-1	7.333919E1
2.337667E-1	7.334954E1
2.504667E-1	7.334566E1
2.671667E-1	7.332204E1
2.838667E-1	7.329198E1
3.005667E-1	7.327935E1
3.172667E-1	7.327137E1
3.339667E-1	7.326650E1
3.506667E-1	7.325902E1
3.673667E-1	7.324847E1
3.840667E-1	7.323515E1
4.007667E-1	7.319857E1
4.174667E-1	7.318727E1
4.341667E-1	7.317809E1
4.508667E-1	7.317237E1
4.675667E-1	7.316209E1
4.842667E-1	7.313648E1
5.009667E-1	7.309423E1
5.176667E-1	7.307854E1
5.343667E-1	7.307614E1
5.510667E-1	7.307584E1
5.677667E-1	7.306521E1
5.844667E-1	7.305725E1
6.011667E-1	7.303538E1
6.178667E-1	7.299236E1
6.345667E-1	7.297822E1
6.512667E-1	7.298056E1
6.679667E-1	7.298062E1
6.846667E-1	7.297440E1
7.013667E-1	7.296437E1
7.180667E-1	7.295332E1
7.346667E-1	7.293678E1
7.512667E-1	7.290877E1
7.680667E-1	7.290464E1
7.847667E-1	7.290224E1
8.014667E-1	7.288793E1
8.181667E-1	7.287442E1
8.348667E-1	7.286417E1
8.515667E-1	7.285572E1
8.682667E-1	7.285468E1
8.849667E-1	7.285398E1
9.016667E-1	7.281247E1
9.183667E-1	7.279879E1
9.350667E-1	7.278193E1
9.517667E-1	7.276905E1
9.684667E-1	7.276265E1
9.851667E-1	7.275714E1
1.001867E0	7.273919E1
1.018567E0	7.271134E1
1.035267E0	7.269047E1
1.051967E0	7.266454E1
1.068667E0	7.264722E1
1.085367E0	7.263464E1
1.102067E0	7.262373E1
1.118767E0	7.261846E1
1.135467E0	7.260256E1
1.152167E0	7.256612E1
1.168867E0	7.253272E1
1.185567E0	7.251342E1
1.218889E0	7.249078E1
1.235589E0	7.247218E1
1.252289E0	7.245959E1
1.268989E0	7.242865E1
1.285689E0	7.240666E1
1.302389E0	7.238794E1
1.319089E0	7.236569E1
1.335789E0	7.234417E1
1.352489E0	7.232883E1
1.369189E0	7.231242E1
1.385889E0	7.228203E1
1.402589E0	7.227234E1
1.419289E0	7.224348E1
1.435989E0	7.222528E1
1.452689E0	7.219715E1
1.469389E0	7.217928E1
1.486089E0	7.214564E1
1.502789E0	7.213482E1
1.519489E0	7.212201E1
1.536189E0	7.211045E1
1.552889E0	7.209580E1
1.569589E0	7.208379E1
1.586289E0	7.203682E1
1.602989E0	7.201680E1
1.619689E0	7.199890E1
1.636389E0	7.199268E1
1.653089E0	7.199438E1
1.669789E0	7.197637E1
1.686489E0	7.194673E1
1.703189E0	7.192720E1
1.719889E0	7.190173E1
1.736589E0	7.189078E1
1.753289E0	7.186178E1
1.769989E0	7.184007E1
1.786689E0	7.181591E1
1.803389E0	7.179932E1
1.820089E0	7.177881E1
1.836789E0	7.174567E1
1.853489E0	7.173743E1
1.870189E0	7.171606E1
1.886889E0	7.169991E1
1.903589E0	7.166462E1
1.920289E0	7.164427E1
1.936989E0	7.162165E1
1.953689E0	7.160109E1
1.970389E0	7.157049E1
2.003700E0	7.151571E1
2.020400E0	7.147743E1
2.037100E0	7.145842E1
2.053800E0	7.144667E1
2.070500E0	7.142331E1
2.087200E0	7.139058E1
2.103900E0	7.135983E1
2.120600E0	7.132680E1
2.137300E0	7.130040E1
2.154000E0	7.125927E1
2.170700E0	7.124011E1
2.187400E0	7.122405E1
2.204100E0	7.120977E1
2.220800E0	7.117163E1
2.237500E0	7.114572E1
2.254200E0	7.111927E1
2.270900E0	7.109054E1
2.287600E0	7.105712E1
2.304300E0	7.103589E1
2.321000E0	7.101525E1
2.337700E0	7.097403E1
2.354400E0	7.095439E1
2.371100E0	7.093898E1
2.387800E0	7.090160E1
2.404500E0	7.087399E1
2.421200E0	7.085184E1
2.437900E0	7.083225E1
2.454600E0	7.078837E1
2.471300E0	7.076531E1
2.488000E0	7.074153E1
2.504700E0	7.070373E1
2.521400E0	7.068277E1
2.538100E0	7.066096E1
2.554800E0	7.064335E1
2.571500E0	7.061331E1
2.588200E0	7.058782E1
2.604900E0	7.055895E1
2.621600E0	7.052492E1
2.638300E0	7.048692E1
2.655000E0	7.046087E1
2.671700E0	7.044554E1
2.688400E0	7.040677E1
2.705100E0	7.037780E1
2.721800E0	7.036155E1
2.738500E0	7.034681E1
2.755200E0	7.029329E1
2.771900E0	7.026900E1
2.788500E0	7.023013E1
2.805100E0	7.018243E1
2.821900E0	7.016368E1
2.838600E0	7.014016E1
2.855300E0	7.009898E1
2.872000E0	7.008185E1
2.888700E0	7.006323E1
2.905400E0	7.001374E1
2.922100E0	6.998538E1
2.938800E0	6.995039E1
2.955500E0	6.989712E1
2.972200E0	6.987479E1
2.988900E0	6.984974E1
3.005600E0	6.980905E1
3.022300E0	6.978438E1
3.039000E0	6.975738E1
3.055700E0	6.970971E1
3.072400E0	6.968813E1
3.089100E0	6.964546E1
3.105800E0	6.959864E1
3.122500E0	6.957138E1
3.139200E0	6.953063E1
3.155900E0	6.950590E1
3.172600E0	6.948036E1
3.189300E0	6.945266E1
3.206000E0	6.940605E1
3.222700E0	6.937070E1
3.239400E0	6.933248E1
3.256100E0	6.930564E1
3.272800E0	6.928015E1
3.289500E0	6.924154E1
3.322833E0	6.916753E1
3.339533E0	6.912874E1
3.356233E0	6.908965E1
3.372933E0	6.906321E1
3.389633E0	6.904649E1
3.406333E0	6.902372E1
3.423033E0	6.897645E1
3.439733E0	6.893007E1
3.456433E0	6.889499E1
3.473133E0	6.886076E1
3.489833E0	6.884180E1
3.506533E0	6.881134E1
3.523233E0	6.877295E1
3.539933E0	6.871776E1
3.556633E0	6.868295E1
3.573333E0	6.865462E1
3.590033E0	6.862462E1
3.606733E0	6.859776E1
3.623433E0	6.855748E1
3.640133E0	6.850734E1
3.656833E0	6.846165E1
3.673533E0	6.842992E1
3.690233E0	6.840632E1
3.706933E0	6.835764E1
3.723633E0	6.833289E1
3.740333E0	6.829175E1
3.757033E0	6.824270E1
3.773733E0	6.821470E1
3.790433E0	6.817488E1
3.807133E0	6.814414E1
3.823833E0	6.811525E1
3.840533E0	6.806703E1
3.857233E0	6.801219E1
3.873933E0	6.797300E1
3.890633E0	6.792889E1
3.907333E0	6.789448E1
3.924033E0	6.787732E1
3.940733E0	6.783573E1
3.957433E0	6.777480E1
3.974133E0	6.772596E1
3.990833E0	6.768770E1
4.007533E0	6.764823E1
4.024133E0	6.762044E1
4.040733E0	6.758676E1
4.057533E0	6.754121E1
4.074233E0	6.748402E1
4.090933E0	6.744629E1
4.107633E0	6.740543E1
4.124333E0	6.736136E1
4.141033E0	6.734482E1
4.157733E0	6.729673E1
4.174433E0	6.725717E1
4.191133E0	6.722194E1
4.207833E0	6.717702E1
4.224533E0	6.714630E1
4.241233E0	6.710606E1
4.257933E0	6.705450E1
4.274633E0	6.700215E1
4.291333E0	6.697160E1
4.308033E0	6.692483E1
4.324733E0	6.689629E1
4.341433E0	6.687596E1
4.358133E0	6.684163E1
4.374833E0	6.680131E1
4.391533E0	6.675330E1
4.408233E0	6.668179E1
4.424933E0	6.665796E1
4.441633E0	6.661275E1
4.458333E0	6.658587E1
4.475033E0	6.655619E1
4.491733E0	6.652075E1
4.508433E0	6.646751E1
4.525133E0	6.640557E1
4.541833E0	6.637953E1
4.558533E0	6.634175E1
4.575233E0	6.629329E1
4.591933E0	6.625185E1
4.608633E0	6.620275E1
4.625333E0	6.616895E1
4.642033E0	6.613120E1
4.658733E0	6.609600E1
4.675433E0	6.605059E1
4.692133E0	6.601091E1
4.708833E0	6.596337E1
4.725533E0	6.590892E1
4.742233E0	6.585168E1
4.758933E0	6.581179E1
4.775633E0	6.577554E1
4.792333E0	6.574523E1
4.809033E0	6.570231E1
4.825733E0	6.564214E1
4.842333E0	6.559796E1
4.858933E0	6.554964E1
4.875733E0	6.550772E1
4.892433E0	6.546487E1
4.909133E0	6.542445E1
4.925833E0	6.536736E1
4.942533E0	6.531553E1
4.959233E0	6.526534E1
4.975933E0	6.523004E1
4.992633E0	6.520423E1
5.009333E0	6.515273E1
5.026033E0	6.510867E1
5.042733E0	6.505187E1
5.059433E0	6.501680E1
5.076133E0	6.494738E1
5.092833E0	6.491988E1
5.109533E0	6.488135E1
5.126233E0	6.484121E1
5.142933E0	6.479101E1
5.159633E0	6.473999E1
5.176333E0	6.468372E1
5.193033E0	6.464910E1
5.209733E0	6.459953E1
5.226433E0	6.454955E1
5.243133E0	6.450765E1
5.259833E0	6.446054E1
5.276533E0	6.439544E1
5.293233E0	6.436684E1
5.309933E0	6.433378E1
5.326633E0	6.429375E1
5.343333E0	6.425959E1
5.360033E0	6.420499E1
5.376733E0	6.415081E1
5.393433E0	6.410786E1
5.410133E0	6.406139E1
5.426833E0	6.401992E1
5.443533E0	6.397970E1
5.460233E0	6.393351E1
5.476933E0	6.388143E1
5.493633E0	6.383023E1
5.510333E0	6.379286E1
5.527033E0	6.374284E1
5.543733E0	6.371367E1
5.560433E0	6.367631E1
5.577133E0	6.361759E1
5.593833E0	6.356746E1
5.610533E0	6.353301E1
5.627233E0	6.348354E1
5.643933E0	6.344608E1
5.660633E0	6.339145E1
5.677333E0	6.334374E1
5.694033E0	6.329631E1
5.710733E0	6.324754E1
5.727433E0	6.318932E1
5.744033E0	6.313587E1
5.760633E0	6.310317E1
5.777433E0	6.304433E1
5.794133E0	6.300583E1
5.810833E0	6.294704E1
5.827533E0	6.289756E1
5.844233E0	6.285423E1
5.860933E0	6.278999E1
5.877633E0	6.274733E1
5.894333E0	6.269940E1
5.911033E0	6.265100E1
5.927733E0	6.259233E1
5.944433E0	6.255949E1
5.961133E0	6.251122E1
5.977833E0	6.245790E1
5.994533E0	6.240119E1
6.011233E0	6.235621E1
6.027933E0	6.229462E1
6.044633E0	6.224527E1
6.061333E0	6.218969E1
6.078033E0	6.214033E1
6.094733E0	6.209596E1
6.111433E0	6.203752E1
6.128133E0	6.199111E1
6.144833E0	6.193420E1
6.161533E0	6.188622E1
6.178233E0	6.182851E1
6.194933E0	6.178240E1
6.211633E0	6.173090E1
6.244967E0	6.163529E1
6.261667E0	6.159499E1
6.278367E0	6.153877E1
6.295067E0	6.148593E1
6.311767E0	6.142346E1
6.328467E0	6.137222E1
6.345167E0	6.130887E1
6.361867E0	6.126598E1
6.378567E0	6.121754E1
6.395267E0	6.117871E1
6.411967E0	6.112340E1
6.428667E0	6.107645E1
6.445367E0	6.102026E1
6.462067E0	6.096686E1
6.478767E0	6.091369E1
6.495467E0	6.084729E1
6.512167E0	6.079834E1
6.528867E0	6.073424E1
6.545567E0	6.068543E1
6.562267E0	6.063752E1
6.578967E0	6.058305E1
6.595667E0	6.053633E1
6.612367E0	6.047598E1
6.629067E0	6.043499E1
6.645767E0	6.037486E1
6.662467E0	6.031275E1
6.679167E0	6.024934E1
6.695867E0	6.019074E1
6.712567E0	6.015204E1
6.729267E0	6.008666E1
6.745967E0	6.004878E1
6.762667E0	5.998966E1
6.779367E0	5.993222E1
6.796067E0	5.986948E1
6.812767E0	5.979496E1
6.829467E0	5.974808E1
6.846167E0	5.968544E1
6.862867E0	5.963750E1
6.879567E0	5.958182E1
6.896267E0	5.952992E1
6.912967E0	5.946242E1
6.929667E0	5.940457E1
6.946367E0	5.936227E1
6.963067E0	5.929896E1
6.979667E0	5.924983E1
6.996267E0	5.915952E1
7.013067E0	5.909688E1
7.029767E0	5.905073E1
7.046467E0	5.900061E1
7.063167E0	5.896151E1
7.079867E0	5.891391E1
7.096567E0	5.886325E1
7.113267E0	5.879006E1
7.129967E0	5.871324E1
7.146667E0	5.865608E1
7.163367E0	5.860921E1
7.180067E0	5.854983E1
7.196767E0	5.850367E1
7.213467E0	5.843805E1
7.230167E0	5.837138E1
7.246867E0	5.831607E1
7.263567E0	5.827516E1
7.280267E0	5.822637E1
7.296967E0	5.814970E1
7.313667E0	5.809450E1
7.330367E0	5.802199E1
7.347067E0	5.795514E1
7.363767E0	5.790418E1
7.380467E0	5.786231E1
7.397167E0	5.783255E1
7.413867E0	5.774338E1
7.430567E0	5.767480E1
7.447267E0	5.762021E1
7.463967E0	5.756439E1
7.480667E0	5.751505E1
7.497367E0	5.745781E1
7.514067E0	5.739698E1
7.530767E0	5.733273E1
7.547467E0	5.726528E1
7.564167E0	5.720955E1
7.580867E0	5.717398E1
7.597567E0	5.712605E1
7.614267E0	5.707345E1
7.630967E0	5.699978E1
7.647667E0	5.693850E1
7.664367E0	5.687269E1
7.681067E0	5.680591E1
7.697767E0	5.675896E1
7.714467E0	5.671179E1
7.731167E0	5.663806E1
7.747867E0	5.656761E1
7.764567E0	5.651064E1
7.781267E0	5.644263E1
7.797867E0	5.639406E1
7.831267E0	5.629448E1
7.847967E0	5.622009E1
7.864667E0	5.613560E1
7.881367E0	5.608570E1
7.898067E0	5.603143E1
7.914767E0	5.598635E1
7.931467E0	5.592876E1
7.948167E0	5.586008E1
7.964867E0	5.579488E1
7.981567E0	5.571873E1
7.998267E0	5.565087E1
8.014967E0	5.561510E1
8.031667E0	5.555646E1
8.048367E0	5.548845E1
8.065067E0	5.541355E1
8.081767E0	5.534295E1
8.098467E0	5.527763E1
8.115167E0	5.521885E1
8.131867E0	5.516745E1
8.148567E0	5.510845E1
8.165267E0	5.501664E1
8.181967E0	5.495399E1
8.198667E0	5.488316E1
8.215367E0	5.482636E1
8.232067E0	5.478163E1
8.248767E0	5.471877E1
8.265467E0	5.463310E1
8.282167E0	5.457619E1
8.298867E0	5.450076E1
8.315567E0	5.444034E1
8.332267E0	5.439613E1
8.348967E0	5.433508E1
8.365667E0	5.426731E1
8.382367E0	5.419835E1
8.399067E0	5.412107E1
8.415767E0	5.405714E1
8.432467E0	5.399962E1
8.449167E0	5.394741E1
8.465867E0	5.386997E1
8.482567E0	5.380395E1
8.499267E0	5.373390E1
8.515967E0	5.366047E1
8.532667E0	5.360249E1
8.549367E0	5.356009E1
8.566067E0	5.349301E1
8.582767E0	5.342415E1
8.616078E0	5.327336E1
8.632778E0	5.320798E1
8.649478E0	5.315823E1
8.666178E0	5.309344E1
8.682878E0	5.304127E1
8.699578E0	5.298115E1
8.716278E0	5.289344E1
8.732978E0	5.284365E1
8.749678E0	5.278104E1
8.766378E0	5.271529E1
8.783078E0	5.265724E1
8.799778E0	5.259592E1
8.816478E0	5.250543E1
8.833178E0	5.245429E1
8.849878E0	5.238073E1
8.866578E0	5.232616E1
8.883278E0	5.227532E1
8.899978E0	5.220860E1
8.916678E0	5.213055E1
8.933378E0	5.207020E1
8.950078E0	5.199586E1
8.966778E0	5.194183E1
8.983478E0	5.186910E1
9.000178E0	5.178471E1
9.016878E0	5.171310E1
9.033578E0	5.163976E1
9.050278E0	5.158269E1
9.066978E0	5.151592E1
9.083678E0	5.145686E1
9.100378E0	5.140526E1
9.117078E0	5.132919E1
9.133778E0	5.125951E1
9.150478E0	5.119022E1
9.167178E0	5.112042E1
9.183878E0	5.106451E1
9.200578E0	5.099863E1
9.217278E0	5.092684E1
9.233978E0	5.086336E1
9.250678E0	5.079425E1
9.267378E0	5.072342E1
9.300700E0	5.059137E1
9.317400E0	5.052788E1
9.334100E0	5.043691E1
9.350800E0	5.036249E1
9.367500E0	5.029288E1
9.384200E0	5.023464E1
9.400900E0	5.018006E1
9.417600E0	5.010951E1
9.434300E0	5.003901E1
9.451000E0	4.995491E1
9.467700E0	4.987747E1
9.501078E0	4.974676E1
9.517767E0	4.966929E1
9.534456E0	4.960053E1
9.551144E0	4.952953E1
9.567833E0	4.945288E1
9.584522E0	4.937471E1
9.601211E0	4.931776E1
9.617900E0	4.923851E1
9.634589E0	4.917459E1
9.651278E0	4.910213E1
9.667967E0	4.902422E1
9.684656E0	4.896309E1
9.701344E0	4.889017E1
9.718033E0	4.882154E1
9.734833E0	4.874755E1
9.751533E0	4.868028E1
9.768233E0	4.860113E1
9.784933E0	4.853430E1
9.801633E0	4.845692E1
9.818333E0	4.838230E1
9.835033E0	4.830926E1
9.851733E0	4.825538E1
9.868433E0	4.817439E1
9.885133E0	4.809269E1
9.901833E0	4.802295E1
9.918533E0	4.795605E1
9.935233E0	4.787983E1
9.951933E0	4.782661E1
9.968633E0	4.774284E1
9.985333E0	4.768079E1
1.000203E1	4.759501E1
1.001873E1	4.752288E1
1.003543E1	4.745671E1
1.005213E1	4.740575E1
1.006883E1	4.732830E1
1.008553E1	4.725839E1
1.010223E1	4.719421E1
1.011893E1	4.711344E1
1.013563E1	4.705508E1
1.015233E1	4.698488E1
1.018566E1	4.683246E1
1.021898E1	4.668936E1
1.023576E1	4.663107E1
1.025253E1	4.657578E1
1.026914E1	4.649139E1
1.028576E1	4.642343E1
1.030254E1	4.635594E1
1.031933E1	4.628043E1
1.033593E1	4.620395E1
1.035253E1	4.611442E1
1.036933E1	4.604576E1
1.038603E1	4.597076E1
1.040273E1	4.590895E1
1.041943E1	4.582189E1
1.043613E1	4.575780E1
1.045283E1	4.568809E1
1.046953E1	4.559050E1
1.048623E1	4.552623E1
1.050293E1	4.545472E1
1.051963E1	4.537165E1
1.053633E1	4.529328E1
1.055303E1	4.523005E1
1.056973E1	4.515995E1
1.058643E1	4.508956E1
1.060313E1	4.502106E1
1.061983E1	4.494196E1
1.063653E1	4.486283E1
1.065323E1	4.479389E1
1.066993E1	4.470970E1
1.068663E1	4.464014E1
1.070333E1	4.455958E1
1.072003E1	4.447079E1
1.073673E1	4.439320E1
1.075343E1	4.431182E1
1.077013E1	4.424545E1
1.078683E1	4.416844E1
1.080353E1	4.409196E1
1.082023E1	4.401659E1
1.083693E1	4.394080E1
1.085363E1	4.385917E1
1.087033E1	4.378358E1
1.088703E1	4.370471E1
1.090373E1	4.365411E1
1.092043E1	4.356921E1
1.093713E1	4.348184E1
1.095383E1	4.341400E1
1.097053E1	4.333778E1
1.098723E1	4.324975E1
1.100383E1	4.319197E1
1.102043E1	4.310281E1
1.103723E1	4.302249E1
1.105393E1	4.295474E1
1.107063E1	4.287269E1
1.108733E1	4.280755E1
1.110403E1	4.272088E1
1.112073E1	4.264823E1
1.113743E1	4.257335E1
1.115413E1	4.250779E1
1.117083E1	4.242871E1
1.118753E1	4.234046E1
1.120423E1	4.227155E1
1.122093E1	4.219812E1
1.123763E1	4.212549E1
1.125433E1	4.205349E1
1.127103E1	4.197459E1
1.128773E1	4.189778E1
1.130443E1	4.180543E1
1.132113E1	4.172855E1
1.133783E1	4.166172E1
1.135453E1	4.158393E1
1.137123E1	4.150740E1
1.138793E1	4.141866E1
1.140463E1	4.134152E1
1.142133E1	4.126797E1
1.143803E1	4.118227E1
1.145473E1	4.111397E1
1.147143E1	4.103131E1
1.148813E1	4.093730E1
1.150483E1	4.086579E1
1.152153E1	4.078966E1
1.153823E1	4.071039E1
1.155493E1	4.064265E1
1.158824E1	4.047837E1
1.160494E1	4.039733E1
1.163834E1	4.024270E1
1.165503E1	4.016180E1
1.167172E1	4.009141E1
1.168841E1	4.001399E1
1.170510E1	3.992902E1
1.172179E1	3.985045E1
1.173848E1	3.977078E1
1.175517E1	3.968306E1
1.177186E1	3.962058E1
1.178854E1	3.953730E1
1.180523E1	3.944673E1
1.182192E1	3.937839E1
1.183861E1	3.929865E1
1.185541E1	3.921913E1
1.187211E1	3.915376E1
1.188881E1	3.906606E1
1.190551E1	3.897911E1
1.193890E1	3.880887E1
1.195560E1	3.872221E1
1.197230E1	3.865795E1
1.198900E1	3.858208E1
1.200570E1	3.851036E1
1.202240E1	3.842600E1
1.203910E1	3.833205E1
1.205580E1	3.823544E1
1.207250E1	3.816037E1
1.208920E1	3.810634E1
1.210590E1	3.802236E1
1.212260E1	3.794275E1
1.213930E1	3.785759E1
1.215600E1	3.777400E1
1.217270E1	3.770280E1
1.218940E1	3.762722E1
1.220610E1	3.754470E1
1.223946E1	3.737094E1
1.225616E1	3.730268E1
1.227286E1	3.721283E1
1.228956E1	3.714825E1
1.230626E1	3.705804E1
1.232296E1	3.697854E1
1.233966E1	3.689649E1
1.235636E1	3.681938E1
1.237306E1	3.674592E1
1.238976E1	3.666591E1
1.242313E1	3.650040E1
1.243983E1	3.641186E1
1.245653E1	3.632836E1
1.247323E1	3.626954E1
1.248993E1	3.618812E1
1.250663E1	3.610252E1
1.252333E1	3.602080E1
1.254003E1	3.594003E1
1.255673E1	3.585899E1
1.257343E1	3.580479E1
1.259013E1	3.571230E1
1.260683E1	3.561572E1
1.262353E1	3.552748E1
1.264023E1	3.542706E1
1.265693E1	3.533970E1
1.267363E1	3.526589E1
1.269033E1	3.521025E1
1.270703E1	3.513705E1
1.272373E1	3.504420E1
1.274043E1	3.494123E1
1.275713E1	3.483744E1
1.277383E1	3.474649E1
1.279053E1	3.466084E1
1.280723E1	3.459136E1
1.282393E1	3.453206E1
1.285728E1	3.436023E1
1.287398E1	3.428286E1
1.289068E1	3.418943E1
1.290738E1	3.412440E1
1.292408E1	3.404952E1
1.295746E1	3.387736E1
1.297416E1	3.379470E1
1.299086E1	3.371455E1
1.300756E1	3.362082E1
1.302426E1	3.353707E1
1.304096E1	3.344397E1
1.305766E1	3.335666E1
1.307436E1	3.328380E1
1.309106E1	3.320813E1
1.310776E1	3.312689E1
1.312446E1	3.304941E1
1.314116E1	3.296392E1
1.315786E1	3.286702E1
1.317456E1	3.277260E1
1.319126E1	3.267519E1
1.320796E1	3.260410E1
1.322466E1	3.253205E1
1.324136E1	3.245188E1
1.325806E1	3.236923E1
1.327476E1	3.228667E1
1.329146E1	3.219569E1
1.330816E1	3.210471E1
1.332486E1	3.201244E1
1.334156E1	3.190954E1
1.335826E1	3.181020E1
1.337496E1	3.173853E1
1.339166E1	3.166186E1
1.340836E1	3.159206E1
1.342506E1	3.150680E1
1.344176E1	3.141367E1
1.345846E1	3.130961E1
1.347516E1	3.122475E1
1.349186E1	3.113758E1
1.350856E1	3.104827E1
1.352526E1	3.097569E1
1.354196E1	3.089766E1
1.355866E1	3.081739E1
1.357536E1	3.073175E1
1.359206E1	3.064585E1
1.360876E1	3.055625E1
1.362546E1	3.046881E1
1.364216E1	3.036920E1
1.365886E1	3.026872E1
1.367556E1	3.016982E1
1.369226E1	3.008232E1
1.370896E1	2.998847E1
1.372566E1	2.992039E1
1.374236E1	2.982824E1
1.375906E1	2.973014E1
1.377576E1	2.963486E1
1.379236E1	2.954526E1
1.380896E1	2.945869E1
1.382576E1	2.936357E1
1.384246E1	2.926570E1
1.385916E1	2.916389E1
1.387586E1	2.906322E1
1.389256E1	2.897091E1
1.390926E1	2.887983E1
1.392596E1	2.879256E1
1.394266E1	2.871859E1
1.395936E1	2.862276E1
1.397606E1	2.852394E1
1.399276E1	2.843648E1
1.400946E1	2.834398E1
1.402616E1	2.824793E1
1.404286E1	2.817041E1
1.405956E1	2.808262E1
1.407626E1	2.799480E1
1.409296E1	2.789706E1
1.410966E1	2.780377E1
1.412636E1	2.771908E1
1.414306E1	2.762935E1
1.415976E1	2.754117E1
1.417646E1	2.745590E1
1.419316E1	2.737787E1
1.420986E1	2.728455E1
1.422656E1	2.718627E1
1.424326E1	2.710440E1
1.425996E1	2.701948E1
1.427666E1	2.693301E1
1.429336E1	2.684394E1
1.431006E1	2.674916E1
1.432676E1	2.665687E1
1.434346E1	2.656585E1
1.436016E1	2.647032E1
1.437686E1	2.637791E1
1.439356E1	2.630660E1
1.441026E1	2.622689E1
1.442696E1	2.613343E1
1.444366E1	2.604976E1
1.446036E1	2.597004E1
1.447706E1	2.588103E1
1.449376E1	2.579136E1
1.451046E1	2.569280E1
1.452716E1	2.559860E1
1.454386E1	2.549197E1
1.456056E1	2.540143E1
1.457726E1	2.530634E1
1.459396E1	2.520365E1
1.461056E1	2.511120E1
1.462716E1	2.502129E1
1.464396E1	2.492463E1
1.466066E1	2.481766E1
1.467736E1	2.472660E1
1.469406E1	2.462577E1
1.471076E1	2.453291E1
1.472746E1	2.444341E1
1.474416E1	2.435437E1
1.476086E1	2.428151E1
1.477756E1	2.416625E1
1.479426E1	2.408828E1
1.481096E1	2.400651E1
1.482766E1	2.390998E1
1.484436E1	2.380669E1
1.486106E1	2.372234E1
1.487776E1	2.362832E1
1.489446E1	2.354263E1
1.491116E1	2.346158E1
1.492786E1	2.337206E1
1.494456E1	2.327783E1
1.496126E1	2.318445E1
1.497796E1	2.308991E1
1.499466E1	2.298718E1
1.501136E1	2.289138E1
1.502806E1	2.279604E1
1.504476E1	2.270465E1
1.506146E1	2.260544E1
1.507816E1	2.250684E1
1.511149E1	2.232253E1
1.512819E1	2.222172E1
1.514489E1	2.212434E1
1.516159E1	2.202672E1
1.517829E1	2.192816E1
1.519499E1	2.183133E1
1.521169E1	2.173774E1
1.522839E1	2.164206E1
1.524509E1	2.154466E1
1.526179E1	2.144771E1
1.527849E1	2.134623E1
1.529519E1	2.125429E1
1.531189E1	2.115457E1
1.532859E1	2.105735E1
1.534529E1	2.095886E1
1.536199E1	2.086977E1
1.537869E1	2.077260E1
1.539539E1	2.067438E1
1.541209E1	2.058011E1
1.542879E1	2.048243E1
1.544549E1	2.039700E1
1.546219E1	2.033652E1
1.547889E1	2.022803E1
1.549559E1	2.014106E1
1.551229E1	2.003678E1
1.552899E1	1.994186E1
1.554569E1	1.984052E1
1.556239E1	1.975428E1
1.557909E1	1.969319E1
1.559579E1	1.960062E1
1.561249E1	1.950007E1
1.562919E1	1.940546E1
1.564589E1	1.930810E1
1.566259E1	1.921196E1
1.567929E1	1.911425E1
1.569599E1	1.902132E1
1.571269E1	1.893559E1
1.574601E1	1.874049E1
1.576270E1	1.864238E1
1.577939E1	1.854617E1
1.579608E1	1.845575E1
1.581277E1	1.836212E1
1.582946E1	1.826087E1
1.584614E1	1.816062E1
1.586283E1	1.806574E1
1.587952E1	1.797117E1
1.589621E1	1.787211E1
1.591290E1	1.777958E1
1.592959E1	1.767868E1
1.594628E1	1.757887E1
1.597977E1	1.739104E1
1.599646E1	1.729265E1
1.601314E1	1.719803E1
1.602983E1	1.710394E1
1.604652E1	1.700318E1
1.606321E1	1.691319E1
1.607990E1	1.681370E1
1.609659E1	1.671437E1
1.611328E1	1.662351E1
1.612997E1	1.652972E1
1.614666E1	1.642937E1
1.616334E1	1.633454E1
1.618003E1	1.624563E1
1.619672E1	1.613714E1
1.621352E1	1.604998E1
1.623022E1	1.595399E1
1.624692E1	1.585513E1
1.626362E1	1.576608E1
1.628032E1	1.566444E1
1.629702E1	1.557227E1
1.631372E1	1.547472E1
1.633042E1	1.537476E1
1.634712E1	1.527796E1
1.636382E1	1.517724E1
1.638052E1	1.508575E1
1.639722E1	1.498905E1
1.641392E1	1.489512E1
1.643062E1	1.479944E1
1.644732E1	1.469379E1
1.646402E1	1.459716E1
1.648072E1	1.450627E1
1.649742E1	1.441352E1
1.651412E1	1.431899E1
1.653082E1	1.421752E1
1.656418E1	1.402257E1
1.658087E1	1.392321E1