0.000000E0	7.273394E1
1.660000E-2	7.271964E1
3.340000E-2	7.269395E1
5.010000E-2	7.266195E1
6.680000E-2	7.265272E1
8.350000E-2	7.263123E1
1.002000E-1	7.261566E1
1.169000E-1	7.261370E1
1.336000E-1	7.260869E1
1.503000E-1	7.258381E1
1.670000E-1	7.257013E1
1.837000E-1	7.256920E1
2.004000E-1	7.256291E1
2.171000E-1	7.254791E1
2.338000E-1	7.254122E1
2.505000E-1	7.253640E1
2.672000E-1	7.253390E1
2.839000E-1	7.252776E1
3.006000E-1	7.252757E1
3.173000E-1	7.252730E1
3.340000E-1	7.252347E1
3.507000E-1	7.251940E1
3.674000E-1	7.251596E1
3.841000E-1	7.248915E1
4.174444E-1	7.247019E1
4.341444E-1	7.246336E1
4.508444E-1	7.244382E1
4.675444E-1	7.243199E1
4.842444E-1	7.242581E1
5.009444E-1	7.240718E1
5.176444E-1	7.236888E1
5.343444E-1	7.234695E1
5.510444E-1	7.233268E1
5.677444E-1	7.228884E1
5.844444E-1	7.226991E1
6.011444E-1	7.224248E1
6.178444E-1	7.221014E1
6.345444E-1	7.217825E1
6.512444E-1	7.214388E1
6.679444E-1	7.211805E1
6.846444E-1	7.206719E1
7.013444E-1	7.203728E1
7.180444E-1	7.199668E1
7.347444E-1	7.197432E1
7.514444E-1	7.194776E1
7.681444E-1	7.190333E1
7.848444E-1	7.187103E1
8.015444E-1	7.184536E1
8.182444E-1	7.181135E1
8.349444E-1	7.178300E1
8.516444E-1	7.175706E1
8.683444E-1	7.172203E1
8.850444E-1	7.169319E1
9.017444E-1	7.166023E1
9.184444E-1	7.163077E1
9.351444E-1	7.160377E1
9.518444E-1	7.158847E1
9.685444E-1	7.156347E1
9.852444E-1	7.155175E1
1.001944E0	7.152269E1
1.018644E0	7.150516E1
1.035344E0	7.148765E1
1.052044E0	7.146837E1
1.068744E0	7.145734E1
1.085444E0	7.144724E1
1.102144E0	7.142169E1
1.118844E0	7.141191E1
1.135544E0	7.140259E1
1.152244E0	7.138419E1
1.168944E0	7.136913E1
1.185644E0	7.136258E1
1.202344E0	7.135263E1
1.219044E0	7.132843E1
1.235644E0	7.131788E1
1.252244E0	7.129995E1
1.269044E0	7.127848E1
1.285744E0	7.126998E1
1.302444E0	7.126067E1
1.319144E0	7.122890E1
1.335844E0	7.121122E1
1.352544E0	7.118130E1
1.369244E0	7.116433E1
1.385944E0	7.113084E1
1.402644E0	7.110135E1
1.419344E0	7.107769E1
1.436044E0	7.105046E1
1.452744E0	7.102303E1
1.469444E0	7.099251E1
1.486144E0	7.095493E1
1.502844E0	7.091861E1
1.519544E0	7.088240E1
1.536244E0	7.083354E1
1.552944E0	7.080423E1
1.569644E0	7.076053E1
1.603000E0	7.068026E1
1.619700E0	7.064059E1
1.636400E0	7.060774E1
1.653100E0	7.055615E1
1.669800E0	7.052130E1
1.686500E0	7.047958E1
1.703200E0	7.043868E1
1.719900E0	7.040290E1
1.736600E0	7.036168E1
1.753300E0	7.032610E1
1.770000E0	7.029018E1
1.786700E0	7.025025E1
1.803400E0	7.021342E1
1.820100E0	7.018870E1
1.836800E0	7.014273E1
1.853500E0	7.011430E1
1.870200E0	7.008713E1
1.886900E0	7.005830E1
1.903600E0	7.003364E1
1.920300E0	7.000958E1
1.937000E0	6.997409E1
1.953700E0	6.995331E1
1.970400E0	6.992329E1
1.987100E0	6.990921E1
2.003800E0	6.987506E1
2.020500E0	6.985426E1
2.037200E0	6.984025E1
2.053900E0	6.982712E1
2.070600E0	6.980161E1
2.087300E0	6.977277E1
2.104000E0	6.976173E1
2.120700E0	6.973454E1
2.137400E0	6.971984E1
2.154100E0	6.968843E1
2.170800E0	6.967470E1
2.187500E0	6.965490E1
2.204200E0	6.962757E1
2.220900E0	6.961360E1
2.237600E0	6.957485E1
2.254300E0	6.954053E1
2.271000E0	6.951360E1
2.287700E0	6.947867E1
2.304300E0	6.944685E1
2.320900E0	6.941576E1
2.337700E0	6.937838E1
2.354400E0	6.934507E1
2.371100E0	6.930634E1
2.387800E0	6.925794E1
2.404500E0	6.922478E1
2.421200E0	6.918183E1
2.437900E0	6.913372E1
2.454600E0	6.909196E1
2.471300E0	6.904880E1
2.488000E0	6.900390E1
2.504700E0	6.897287E1
2.521400E0	6.892966E1
2.538100E0	6.887452E1
2.554800E0	6.882887E1
2.571500E0	6.878692E1
2.588200E0	6.873397E1
2.604900E0	6.868841E1
2.621600E0	6.864431E1
2.638300E0	6.859194E1
2.655000E0	6.855491E1
2.671700E0	6.850354E1
2.688400E0	6.846088E1
2.705100E0	6.841577E1
2.721800E0	6.837582E1
2.738500E0	6.833911E1
2.755200E0	6.829573E1
2.771900E0	6.826204E1
2.788600E0	6.822066E1
2.805300E0	6.818331E1
2.822000E0	6.815874E1
2.838700E0	6.811769E1
2.855400E0	6.808601E1
2.872100E0	6.806742E1
2.888800E0	6.802206E1
2.905500E0	6.798777E1
2.922200E0	6.796756E1
2.938900E0	6.793568E1
2.955500E0	6.790414E1
2.972100E0	6.788507E1
2.988900E0	6.785583E1
3.005600E0	6.782707E1
3.022300E0	6.780285E1
3.039000E0	6.778005E1
3.055700E0	6.774799E1
3.072400E0	6.772602E1
3.089100E0	6.769938E1
3.105800E0	6.767184E1
3.122500E0	6.764146E1
3.139200E0	6.761641E1
3.155900E0	6.759051E1
3.172600E0	6.755701E1
3.189300E0	6.753052E1
3.206000E0	6.749654E1
3.222700E0	6.745114E1
3.239400E0	6.741992E1
3.256100E0	6.738425E1
3.272800E0	6.734564E1
3.289500E0	6.730215E1
3.306200E0	6.727023E1
3.322900E0	6.723641E1
3.339600E0	6.718822E1
3.372944E0	6.709986E1
3.389644E0	6.706189E1
3.406344E0	6.701274E1
3.423044E0	6.696018E1
3.439744E0	6.691735E1
3.456444E0	6.686672E1
3.473144E0	6.682042E1
3.506533E0	6.671963E1
3.523233E0	6.667131E1
3.539933E0	6.662424E1
3.556633E0	6.657222E1
3.573333E0	6.652083E1
3.590033E0	6.647353E1
3.606733E0	6.643753E1
3.623433E0	6.637627E1
3.640133E0	6.633271E1
3.656833E0	6.628180E1
3.673533E0	6.624534E1
3.690233E0	6.619373E1
3.706933E0	6.614872E1
3.723633E0	6.610332E1
3.740333E0	6.605285E1
3.757033E0	6.602097E1
3.773733E0	6.597183E1
3.790433E0	6.594441E1
3.807133E0	6.589791E1
3.823833E0	6.586802E1
3.840533E0	6.582883E1
3.857233E0	6.579443E1
3.873933E0	6.576200E1
3.890633E0	6.571749E1
3.907333E0	6.568506E1
3.924033E0	6.565505E1
3.940733E0	6.561327E1
3.957433E0	6.557809E1
3.974133E0	6.555396E1
3.990833E0	6.552377E1
4.007533E0	6.548793E1
4.024233E0	6.546195E1
4.040933E0	6.542238E1
4.057633E0	6.538933E1
4.074333E0	6.535555E1
4.091033E0	6.532141E1
4.107733E0	6.528592E1
4.124433E0	6.525099E1
4.141133E0	6.522022E1
4.157833E0	6.519243E1
4.191133E0	6.511087E1
4.207833E0	6.507533E1
4.224533E0	6.502979E1
4.241233E0	6.499537E1
4.257933E0	6.494636E1
4.274633E0	6.489804E1
4.291333E0	6.484308E1
4.308033E0	6.480628E1
4.324733E0	6.475340E1
4.341433E0	6.470803E1
4.358133E0	6.465389E1
4.374833E0	6.461748E1
4.391533E0	6.456682E1
4.408233E0	6.451893E1
4.424933E0	6.447519E1
4.441633E0	6.442409E1
4.458333E0	6.437807E1
4.475033E0	6.433013E1
4.491733E0	6.427831E1
4.508433E0	6.422460E1
4.525133E0	6.417916E1
4.541833E0	6.412496E1
4.558533E0	6.407295E1
4.575233E0	6.401234E1
4.591933E0	6.395950E1
4.608633E0	6.390043E1
4.625333E0	6.386008E1
4.642033E0	6.379962E1
4.658733E0	6.374473E1
4.675433E0	6.370559E1
4.692133E0	6.365965E1
4.708833E0	6.360535E1
4.725533E0	6.355092E1
4.742233E0	6.350413E1
4.758933E0	6.346740E1
4.775633E0	6.341397E1
4.792333E0	6.336753E1
4.809033E0	6.332360E1
4.825733E0	6.327643E1
4.842433E0	6.322673E1
4.859133E0	6.318849E1
4.875833E0	6.314021E1
4.892533E0	6.308549E1
4.909233E0	6.305202E1
4.925833E0	6.299755E1
4.942433E0	6.296387E1
4.959233E0	6.290801E1
4.975933E0	6.286447E1
4.992633E0	6.282100E1
5.009333E0	6.277099E1
5.026033E0	6.272061E1
5.042733E0	6.269227E1
5.059433E0	6.264464E1
5.076133E0	6.261076E1
5.092833E0	6.256393E1
5.109533E0	6.252836E1
5.126233E0	6.248445E1
5.142933E0	6.243522E1
5.159633E0	6.239231E1
5.176333E0	6.234754E1
5.193033E0	6.230518E1
5.209733E0	6.227490E1
5.226433E0	6.222436E1
5.243133E0	6.217649E1
5.259833E0	6.213386E1
5.276533E0	6.208821E1
5.293233E0	6.203319E1
5.309933E0	6.199444E1
5.326633E0	6.193122E1
5.343333E0	6.189521E1
5.360033E0	6.183523E1
5.376733E0	6.178612E1
5.393433E0	6.173838E1
5.410133E0	6.168736E1
5.426833E0	6.162425E1
5.460167E0	6.152171E1
5.476867E0	6.145785E1
5.493567E0	6.142016E1
5.526956E0	6.129795E1
5.543656E0	6.124985E1
5.560356E0	6.118370E1
5.577056E0	6.112367E1
5.593756E0	6.105894E1
5.610456E0	6.100533E1
5.627156E0	6.095610E1
5.643856E0	6.090601E1
5.660556E0	6.084157E1
5.677256E0	6.078670E1
5.693956E0	6.071973E1
5.710656E0	6.066192E1
5.727356E0	6.061257E1
5.744056E0	6.055561E1
5.760756E0	6.049364E1
5.777456E0	6.044716E1
5.794156E0	6.037854E1
5.810856E0	6.033070E1
5.827556E0	6.027174E1
5.844256E0	6.022719E1
5.860956E0	6.017330E1
5.877656E0	6.011435E1
5.894356E0	6.006756E1
5.911056E0	6.001149E1
5.927756E0	5.996220E1
5.944456E0	5.990192E1
5.961156E0	5.985577E1
5.977856E0	5.980644E1
6.011189E0	5.970344E1
6.027889E0	5.966350E1
6.044589E0	5.961728E1
6.061289E0	5.956448E1
6.077989E0	5.951814E1
6.094689E0	5.947461E1
6.111389E0	5.941683E1
6.128089E0	5.936486E1
6.144789E0	5.932358E1
6.178167E0	5.922749E1
6.194867E0	5.917343E1
6.211567E0	5.912766E1
6.228267E0	5.908595E1
6.244967E0	5.904001E1
6.261667E0	5.899395E1
6.278367E0	5.893636E1
6.295067E0	5.888550E1
6.311767E0	5.883700E1
6.328467E0	5.878466E1
6.345167E0	5.874235E1
6.361867E0	5.869001E1
6.378567E0	5.863501E1
6.395267E0	5.858390E1
6.411967E0	5.853810E1
6.428667E0	5.848074E1
6.445367E0	5.842102E1
6.462067E0	5.836433E1
6.478767E0	5.830713E1
6.495467E0	5.825263E1
6.512167E0	5.820150E1
6.528867E0	5.815307E1
6.545567E0	5.809225E1
6.562267E0	5.802058E1
6.578967E0	5.795238E1
6.595667E0	5.788879E1
6.612367E0	5.783678E1
6.629067E0	5.779615E1
6.645767E0	5.775342E1
6.662467E0	5.769089E1
6.679167E0	5.761326E1
6.695867E0	5.752534E1
6.712567E0	5.744943E1
6.729267E0	5.738075E1
6.745967E0	5.733200E1
6.762667E0	5.729602E1
6.779367E0	5.724809E1
6.796067E0	5.719651E1
6.812767E0	5.712896E1
6.829467E0	5.705796E1
6.846167E0	5.700251E1
6.862867E0	5.693736E1
6.879567E0	5.686941E1
6.896267E0	5.680021E1
6.912967E0	5.673179E1
6.929667E0	5.667772E1
6.946367E0	5.663042E1
6.963067E0	5.658479E1
6.979767E0	5.652008E1
6.996467E0	5.645834E1
7.013167E0	5.638851E1
7.029867E0	5.632074E1
7.046567E0	5.628358E1
7.063167E0	5.623980E1
7.079767E0	5.618514E1
7.096567E0	5.611885E1
7.113267E0	5.604155E1
7.129967E0	5.597238E1
7.146667E0	5.591458E1
7.163367E0	5.587369E1
7.180067E0	5.583917E1
7.196767E0	5.578403E1
7.213467E0	5.571713E1
7.230167E0	5.565044E1
7.246867E0	5.558425E1
7.263567E0	5.554089E1
7.296956E0	5.544039E1
7.313644E0	5.537998E1
7.330333E0	5.532066E1
7.347022E0	5.526355E1
7.363711E0	5.521272E1
7.380400E0	5.516987E1
7.413833E0	5.506113E1
7.430533E0	5.498103E1
7.447233E0	5.491416E1
7.463933E0	5.487526E1
7.480633E0	5.482011E1
7.497333E0	5.477959E1
7.514033E0	5.471553E1
7.530733E0	5.465997E1
7.547433E0	5.458929E1
7.564133E0	5.452024E1
7.580833E0	5.447115E1
7.597533E0	5.441757E1
7.614233E0	5.436287E1
7.630933E0	5.429602E1
7.647633E0	5.422960E1
7.664333E0	5.415905E1
7.681033E0	5.410429E1
7.697733E0	5.404394E1
7.714433E0	5.400085E1
7.731133E0	5.392885E1
7.747833E0	5.385496E1
7.764533E0	5.380065E1
7.781233E0	5.371299E1
7.797933E0	5.364716E1
7.814633E0	5.360591E1
7.831333E0	5.353343E1
7.848033E0	5.347204E1
7.864733E0	5.341340E1
7.881433E0	5.333534E1
7.898133E0	5.326879E1
7.914833E0	5.322153E1
7.931533E0	5.315384E1
7.948233E0	5.307909E1
7.964933E0	5.301240E1
7.981633E0	5.294099E1
7.998333E0	5.286695E1
8.015033E0	5.282699E1
8.031733E0	5.276115E1
8.048433E0	5.269086E1
8.065133E0	5.262948E1
8.081833E0	5.255519E1
8.098533E0	5.248172E1
8.115233E0	5.243273E1
8.131833E0	5.237462E1
8.148433E0	5.231172E1
8.165233E0	5.225396E1
8.181933E0	5.217083E1
8.198633E0	5.210738E1
8.215333E0	5.204931E1
8.232033E0	5.198365E1
8.248733E0	5.193564E1
8.265433E0	5.188025E1
8.282133E0	5.180411E1
8.298833E0	5.173302E1
8.315533E0	5.167469E1
8.332233E0	5.161134E1
8.348933E0	5.155277E1
8.365633E0	5.149590E1
8.382333E0	5.142928E1
8.399033E0	5.137270E1
8.415733E0	5.130232E1
8.432433E0	5.122365E1
8.449133E0	5.118069E1
8.465833E0	5.111116E1
8.482533E0	5.106319E1
8.499233E0	5.100221E1
8.515933E0	5.093100E1
8.532633E0	5.087275E1
8.549333E0	5.081335E1
8.566033E0	5.075559E1
8.582733E0	5.069101E1
8.599433E0	5.062638E1
8.616133E0	5.055466E1
8.632833E0	5.049818E1
8.649533E0	5.043036E1
8.666233E0	5.037301E1
8.682933E0	5.031175E1
8.699533E0	5.024385E1
8.716133E0	5.018123E1
8.732933E0	5.011799E1
8.749633E0	5.005242E1
8.766333E0	4.998497E1
8.783033E0	4.993224E1
8.799733E0	4.986453E1
8.816433E0	4.979840E1
8.833133E0	4.972910E1
8.849833E0	4.966583E1
8.866533E0	4.959631E1
8.883233E0	4.953922E1
8.899933E0	4.947087E1
8.916633E0	4.940297E1
8.933333E0	4.932736E1
8.950033E0	4.926961E1
8.966733E0	4.918921E1
8.983433E0	4.912285E1
9.000133E0	4.905883E1
9.016833E0	4.898392E1
9.033533E0	4.891933E1
9.050233E0	4.884048E1
9.066933E0	4.878063E1
9.083633E0	4.870575E1
9.100333E0	4.864020E1
9.117033E0	4.857524E1
9.133733E0	4.851506E1
9.150433E0	4.843577E1
9.167133E0	4.837320E1
9.183833E0	4.830992E1
9.200533E0	4.822937E1
9.217233E0	4.816205E1
9.233933E0	4.808644E1
9.267256E0	4.795536E1
9.283956E0	4.788235E1
9.300656E0	4.782000E1
9.317356E0	4.775310E1
9.334056E0	4.767729E1
9.350756E0	4.759375E1
9.367456E0	4.753691E1
9.384156E0	4.745623E1
9.400856E0	4.739396E1
9.417556E0	4.733026E1
9.434256E0	4.726266E1
9.450956E0	4.719498E1
9.467656E0	4.712753E1
9.484356E0	4.706062E1
9.501056E0	4.698846E1
9.517756E0	4.692337E1
9.534456E0	4.686769E1
9.551156E0	4.678812E1
9.567856E0	4.672167E1
9.584556E0	4.666273E1
9.617922E0	4.651048E1
9.634622E0	4.646101E1
9.651322E0	4.638224E1
9.668022E0	4.630884E1
9.684722E0	4.625203E1
9.701422E0	4.617684E1
9.718122E0	4.609546E1
9.734822E0	4.602631E1
9.751522E0	4.597082E1
9.784900E0	4.582665E1
9.801600E0	4.575708E1
9.818300E0	4.569781E1
9.835000E0	4.561264E1
9.851700E0	4.554403E1
9.868400E0	4.549001E1
9.885100E0	4.542150E1
9.901800E0	4.533248E1
9.918500E0	4.526924E1
9.935200E0	4.520492E1
9.951900E0	4.512865E1
9.968600E0	4.505199E1
9.985300E0	4.498578E1
1.000200E1	4.492460E1
1.001870E1	4.483959E1
1.003540E1	4.474895E1
1.005210E1	4.471054E1
1.006880E1	4.463927E1
1.008550E1	4.454955E1
1.010220E1	4.447803E1
1.013556E1	4.434603E1
1.015226E1	4.426408E1
1.016896E1	4.418882E1
1.018566E1	4.414159E1
1.020236E1	4.406657E1
1.021906E1	4.397352E1
1.023576E1	4.390554E1
1.025246E1	4.382231E1
1.026916E1	4.376477E1
1.028586E1	4.368949E1
1.030256E1	4.365658E1
1.031926E1	4.357698E1
1.033596E1	4.348888E1
1.035266E1	4.339229E1
1.036936E1	4.330014E1
1.038606E1	4.324563E1
1.040276E1	4.319662E1
1.041946E1	4.313966E1
1.043616E1	4.307040E1
1.045286E1	4.299328E1
1.046956E1	4.290581E1
1.048626E1	4.282668E1
1.050296E1	4.278135E1
1.051966E1	4.271466E1
1.053636E1	4.264084E1
1.055306E1	4.256534E1
1.056976E1	4.247804E1
1.058646E1	4.240809E1
1.060316E1	4.233663E1
1.061986E1	4.229068E1
1.063656E1	4.223662E1
1.065326E1	4.214944E1
1.066996E1	4.206894E1
1.068666E1	4.199414E1
1.070336E1	4.191715E1
1.072006E1	4.184638E1
1.073676E1	4.176765E1
1.075346E1	4.170492E1
1.077016E1	4.162907E1
1.078686E1	4.155428E1
1.080356E1	4.147797E1
1.082026E1	4.142827E1
1.083686E1	4.136979E1
1.085346E1	4.128423E1
1.087026E1	4.120140E1
1.088696E1	4.110988E1
1.090366E1	4.103214E1
1.092036E1	4.096203E1
1.093706E1	4.089928E1
1.095376E1	4.083710E1
1.097046E1	4.077269E1
1.098716E1	4.068689E1
1.100386E1	4.059794E1
1.102056E1	4.051504E1
1.103726E1	4.044496E1
1.105396E1	4.037764E1
1.108732E1	4.021557E1
1.112069E1	4.005225E1
1.113742E1	4.000285E1
1.115416E1	3.992047E1
1.117089E1	3.985260E1
1.118751E1	3.976322E1
1.120413E1	3.969619E1
1.122091E1	3.961084E1
1.123769E1	3.953388E1
1.125430E1	3.945680E1
1.127091E1	3.939372E1
1.128770E1	3.932499E1
1.130449E1	3.925208E1
1.132109E1	3.916595E1
1.133769E1	3.909065E1
1.135449E1	3.900342E1
1.137119E1	3.892964E1
1.138789E1	3.885222E1
1.140459E1	3.875944E1
1.142129E1	3.867041E1
1.143799E1	3.859234E1
1.145469E1	3.854655E1
1.147139E1	3.847654E1
1.148809E1	3.838258E1
1.152147E1	3.822115E1
1.153817E1	3.815441E1
1.155487E1	3.807758E1
1.157157E1	3.800392E1
1.158827E1	3.792614E1
1.160497E1	3.785819E1
1.162167E1	3.777784E1
1.163837E1	3.770318E1
1.165507E1	3.763975E1
1.167177E1	3.756468E1
1.168847E1	3.750116E1
1.170517E1	3.742586E1
1.172187E1	3.734578E1
1.173857E1	3.726641E1
1.175527E1	3.719365E1
1.177197E1	3.712399E1
1.178867E1	3.704200E1
1.180537E1	3.698370E1
1.182207E1	3.690252E1
1.183877E1	3.682348E1
1.185547E1	3.675301E1
1.187217E1	3.668788E1
1.188887E1	3.659434E1
1.190557E1	3.653024E1
1.192227E1	3.644666E1
1.193897E1	3.638564E1
1.195567E1	3.630062E1
1.197237E1	3.621596E1
1.198907E1	3.615335E1
1.200577E1	3.609612E1
1.202247E1	3.601626E1
1.203917E1	3.592603E1
1.205587E1	3.584734E1
1.207257E1	3.577135E1
1.208927E1	3.570121E1
1.210597E1	3.563576E1
1.212267E1	3.556415E1
1.213937E1	3.549262E1
1.215607E1	3.542720E1
1.217277E1	3.535939E1
1.218947E1	3.528186E1
1.220617E1	3.519897E1
1.222287E1	3.512549E1
1.223957E1	3.506912E1
1.225627E1	3.499155E1
1.227297E1	3.489238E1
1.228967E1	3.480171E1
1.230627E1	3.472907E1
1.232287E1	3.468364E1
1.233967E1	3.460215E1
1.235637E1	3.450556E1
1.237307E1	3.442400E1
1.238977E1	3.434311E1
1.240647E1	3.425803E1
1.242317E1	3.417473E1
1.243987E1	3.411443E1
1.247324E1	3.394162E1
1.248994E1	3.384651E1
1.250664E1	3.377518E1
1.252334E1	3.369304E1
1.254004E1	3.363143E1
1.255674E1	3.354072E1
1.257344E1	3.345307E1
1.259014E1	3.337119E1
1.260684E1	3.327688E1
1.262354E1	3.320784E1
1.264024E1	3.311704E1
1.265694E1	3.305500E1
1.267364E1	3.298413E1
1.269034E1	3.288886E1
1.270704E1	3.281272E1
1.272374E1	3.271211E1
1.274044E1	3.263004E1
1.275714E1	3.254216E1
1.277384E1	3.245538E1
1.279054E1	3.238483E1
1.280724E1	3.229788E1
1.282394E1	3.221590E1
1.284064E1	3.214281E1
1.285734E1	3.205539E1
1.287404E1	3.196666E1
1.289074E1	3.187584E1
1.290744E1	3.179709E1
1.292414E1	3.170830E1
1.294084E1	3.162075E1
1.295754E1	3.152594E1
1.297424E1	3.143451E1
1.299094E1	3.133638E1
1.300764E1	3.124628E1
1.302434E1	3.116075E1
1.304104E1	3.108146E1
1.305774E1	3.102789E1
1.307444E1	3.093383E1
1.309114E1	3.085392E1
1.310784E1	3.075697E1
1.312454E1	3.066183E1
1.314114E1	3.056731E1
1.315774E1	3.049119E1
1.317454E1	3.044138E1
1.319124E1	3.034845E1
1.320794E1	3.025941E1
1.322464E1	3.016718E1
1.324134E1	3.010223E1
1.325804E1	3.002115E1
1.327474E1	2.995863E1
1.329144E1	2.987397E1
1.330814E1	2.978596E1
1.332484E1	2.968921E1
1.334154E1	2.962201E1
1.335824E1	2.954711E1
1.337494E1	2.947456E1
1.339164E1	2.939235E1
1.340834E1	2.930576E1
1.342504E1	2.921214E1
1.344174E1	2.912474E1
1.345844E1	2.903583E1
1.347514E1	2.896481E1
1.349184E1	2.889089E1
1.350854E1	2.881636E1
1.354189E1	2.865235E1
1.355859E1	2.857974E1
1.357529E1	2.850462E1
1.359199E1	2.842795E1
1.360869E1	2.834743E1
1.362539E1	2.827175E1
1.364209E1	2.819485E1
1.365879E1	2.812989E1
1.367549E1	2.804594E1
1.369219E1	2.795901E1
1.370889E1	2.787960E1
1.372559E1	2.781134E1
1.374229E1	2.774124E1
1.375899E1	2.765281E1
1.377569E1	2.757629E1
1.379239E1	2.747700E1
1.380909E1	2.738790E1
1.382579E1	2.730142E1
1.384249E1	2.723364E1
1.385919E1	2.714645E1
1.387589E1	2.705032E1
1.389259E1	2.697141E1
1.390929E1	2.689474E1
1.392599E1	2.679726E1
1.394269E1	2.669799E1
1.395939E1	2.661298E1
1.397609E1	2.653057E1
1.399279E1	2.646091E1
1.400949E1	2.635083E1
1.402619E1	2.627788E1
1.404289E1	2.619394E1
1.405959E1	2.611635E1
1.407629E1	2.601888E1
1.409299E1	2.592026E1
1.412634E1	2.573622E1
1.414304E1	2.563963E1
1.415974E1	2.555220E1
1.417644E1	2.546412E1
1.419314E1	2.536085E1
1.420984E1	2.527903E1
1.422654E1	2.518607E1
1.424324E1	2.509981E1
1.425994E1	2.501664E1
1.427664E1	2.491269E1
1.429334E1	2.482443E1
1.431004E1	2.471754E1
1.432674E1	2.462955E1
1.434344E1	2.453571E1
1.436014E1	2.444495E1
1.437684E1	2.434485E1
1.439354E1	2.424479E1
1.441024E1	2.414864E1
1.442694E1	2.405551E1
1.444364E1	2.394730E1
1.446034E1	2.385772E1
1.447704E1	2.376649E1
1.449374E1	2.366690E1
1.451044E1	2.356797E1
1.452714E1	2.346740E1
1.454384E1	2.337613E1
1.456054E1	2.328396E1
1.457724E1	2.319556E1
1.459394E1	2.309701E1
1.461064E1	2.299440E1
1.462734E1	2.293127E1
1.464404E1	2.283995E1
1.466074E1	2.275252E1
1.467744E1	2.267321E1
1.469414E1	2.258207E1
1.471084E1	2.250227E1
1.472754E1	2.240562E1
1.474424E1	2.231354E1
1.476094E1	2.224081E1
1.477764E1	2.216470E1
1.479434E1	2.208980E1
1.481104E1	2.199856E1
1.482774E1	2.192156E1
1.484444E1	2.182739E1
1.486104E1	2.175502E1
1.487764E1	2.167629E1
1.489444E1	2.160058E1
1.491114E1	2.152154E1
1.492784E1	2.144395E1
1.494454E1	2.134983E1
1.496124E1	2.127046E1
1.499463E1	2.111491E1
1.501132E1	2.102486E1
1.502801E1	2.094953E1
1.504470E1	2.087518E1
1.506139E1	2.079928E1
1.507808E1	2.071670E1
1.509477E1	2.063083E1
1.511146E1	2.053945E1
1.512814E1	2.048028E1
1.514483E1	2.040292E1
1.516152E1	2.031991E1
1.517821E1	2.023760E1
1.519490E1	2.015800E1
1.521159E1	2.006585E1
1.522828E1	2.000709E1
1.524508E1	1.992853E1
1.526177E1	1.985299E1
1.527846E1	1.976292E1
1.529514E1	1.966876E1
1.532857E1	1.950068E1
1.534526E1	1.943312E1
1.536194E1	1.935542E1
1.537863E1	1.927833E1
1.539532E1	1.918558E1
1.541201E1	1.910105E1
1.542870E1	1.902000E1
1.544539E1	1.892785E1
1.546208E1	1.884952E1
1.547877E1	1.876807E1
1.549546E1	1.868809E1
1.551214E1	1.860600E1
1.552883E1	1.852604E1
1.554552E1	1.843072E1
1.556232E1	1.834476E1
1.557902E1	1.825900E1
1.559572E1	1.816589E1
1.561242E1	1.807334E1
1.562912E1	1.797994E1
1.564582E1	1.787894E1
1.566252E1	1.777884E1
1.567922E1	1.769083E1
1.569592E1	1.759909E1
1.571262E1	1.750056E1
1.572932E1	1.740721E1
1.574602E1	1.730095E1
1.576272E1	1.721347E1
1.577942E1	1.711394E1
1.579612E1	1.701732E1
1.581282E1	1.691519E1
1.582952E1	1.681575E1
1.584622E1	1.671840E1
1.586292E1	1.662969E1
1.587962E1	1.653127E1
1.589632E1	1.643706E1
1.591302E1	1.633005E1
1.592972E1	1.623386E1
1.594642E1	1.614094E1
1.596312E1	1.604378E1
1.597982E1	1.595208E1
1.599652E1	1.585160E1
1.601322E1	1.574838E1
1.602992E1	1.564802E1
1.604662E1	1.555274E1
1.606332E1	1.545880E1
1.608002E1	1.536525E1
1.609662E1	1.526905E1
1.611322E1	1.516867E1
1.613002E1	1.507235E1
1.614672E1	1.497831E1
1.616342E1	1.488052E1
1.618012E1	1.478866E1
1.619682E1	1.468971E1
1.621352E1	1.458554E1
1.623022E1	1.449768E1
1.624692E1	1.439427E1
1.626362E1	1.429750E1
1.628032E1	1.420366E1
1.629702E1	1.410893E1
1.631372E1	1.400822E1
1.633042E1	1.392578E1
1.634712E1	1.382846E1
1.636382E1	1.373191E1
1.638052E1	1.362962E1
1.639722E1	1.353875E1
1.641392E1	1.347064E1
1.643062E1	1.339246E1
1.644732E1	1.328477E1
1.646402E1	1.319507E1
1.648072E1	1.311262E1
1.649742E1	1.301624E1
1.651412E1	1.293536E1
1.654747E1	1.276015E1
1.656417E1	1.266035E1
1.658087E1	1.260411E1
1.659757E1	1.250525E1
1.663096E1	1.234611E1
1.664766E1	1.226250E1
1.666436E1	1.216700E1
1.668106E1	1.208026E1
1.669776E1	1.199445E1
1.671446E1	1.190139E1
1.673116E1	1.184270E1
1.674786E1	1.174498E1
1.676456E1	1.167601E1
1.678126E1	1.158856E1
1.679796E1	1.149789E1
1.683132E1	1.136261E1
1.684802E1	1.129100E1
1.686472E1	1.121653E1
1.688142E1	1.115415E1
1.689812E1	1.111963E1
1.691482E1	1.108423E1
1.693152E1	1.103627E1
1.694822E1	1.100856E1
1.696492E1	1.098966E1
1.698162E1	1.097330E1
1.699832E1	1.097383E1
1.701502E1	1.098333E1
1.703172E1	1.099820E1
1.704842E1	1.103137E1
1.706512E1	1.106723E1
1.708182E1	1.111583E1
1.709852E1	1.117204E1
1.711522E1	1.124347E1
1.713192E1	1.132410E1
1.714862E1	1.140473E1
1.716532E1	1.150488E1
1.718202E1	1.160057E1
1.719872E1	1.170140E1