
0.000000E0	7.862826E-1
5.008889E-2	7.854654E-1
6.678889E-2	7.853387E-1
8.348889E-2	7.851973E-1
1.001889E-1	7.849869E-1
1.168889E-1	7.848038E-1
1.335889E-1	7.845492E-1
1.502889E-1	7.844051E-1
1.669889E-1	7.841212E-1
1.836889E-1	7.839283E-1
2.003889E-1	7.837973E-1
2.170889E-1	7.836579E-1
2.337889E-1	7.835230E-1
2.504889E-1	7.832835E-1
2.671889E-1	7.828481E-1
2.838889E-1	7.826707E-1
3.005889E-1	7.822240E-1
3.172889E-1	7.821418E-1
3.339889E-1	7.820300E-1
3.506889E-1	7.817851E-1
3.673889E-1	7.815443E-1
3.840889E-1	7.812793E-1
4.007889E-1	7.811554E-1
4.174889E-1	7.809599E-1
4.341889E-1	7.805547E-1
4.675444E-1	7.800455E-1
4.842444E-1	7.798007E-1
5.009444E-1	7.796152E-1
5.176444E-1	7.793847E-1
5.343444E-1	7.790956E-1
5.510444E-1	7.788784E-1
5.677444E-1	7.785911E-1
5.844444E-1	7.783695E-1
6.011444E-1	7.781481E-1
6.178444E-1	7.778939E-1
6.345444E-1	7.776051E-1
6.512444E-1	7.774884E-1
6.679444E-1	7.770648E-1
6.846444E-1	7.768948E-1
7.013444E-1	7.766653E-1
7.180444E-1	7.765591E-1
7.347444E-1	7.762367E-1
7.514444E-1	7.761380E-1
7.681444E-1	7.758660E-1
7.848444E-1	7.755329E-1
8.015444E-1	7.752038E-1
8.182444E-1	7.749941E-1
8.349444E-1	7.747270E-1
8.516444E-1	7.744287E-1
8.683444E-1	7.740982E-1
8.850444E-1	7.739341E-1
9.017444E-1	7.735307E-1
9.184444E-1	7.733842E-1
9.351444E-1	7.731248E-1
9.518444E-1	7.729738E-1
9.685444E-1	7.725854E-1
9.852444E-1	7.722530E-1
1.001944E0	7.720810E-1
1.018644E0	7.718306E-1
1.035344E0	7.715210E-1
1.052044E0	7.713947E-1
1.068744E0	7.712456E-1
1.085444E0	7.708406E-1
1.102144E0	7.705329E-1
1.118844E0	7.702696E-1
1.135544E0	7.700952E-1
1.152244E0	7.698868E-1
1.168844E0	7.696553E-1
1.185444E0	7.694023E-1
1.202244E0	7.690522E-1
1.218944E0	7.687572E-1
1.235644E0	7.685237E-1
1.252344E0	7.684773E-1
1.269044E0	7.680390E-1
1.285744E0	7.679162E-1
1.302444E0	7.675783E-1
1.319144E0	7.670524E-1
1.335844E0	7.667519E-1
1.352544E0	7.667938E-1
1.369244E0	7.665127E-1
1.385944E0	7.662523E-1
1.402644E0	7.659862E-1
1.419344E0	7.655635E-1
1.436044E0	7.652834E-1
1.452744E0	7.650373E-1
1.469444E0	7.648434E-1
1.486144E0	7.643461E-1
1.502844E0	7.643277E-1
1.519544E0	7.639819E-1
1.536244E0	7.635548E-1
1.552944E0	7.633288E-1
1.586289E0	7.626974E-1
1.602989E0	7.624511E-1
1.619689E0	7.623316E-1
1.636389E0	7.619370E-1
1.653089E0	7.616947E-1
1.669789E0	7.614640E-1
1.686489E0	7.611809E-1
1.703189E0	7.608836E-1
1.719889E0	7.605605E-1
1.736589E0	7.602829E-1
1.753289E0	7.599435E-1
1.769989E0	7.597420E-1
1.786689E0	7.594259E-1
1.803389E0	7.591840E-1
1.820089E0	7.589436E-1
1.836789E0	7.585144E-1
1.853489E0	7.581822E-1
1.870189E0	7.579906E-1
1.886889E0	7.576015E-1
1.903589E0	7.573092E-1
1.920289E0	7.571355E-1
1.936989E0	7.567067E-1
1.953689E0	7.563741E-1
1.970389E0	7.561657E-1
1.987089E0	7.558804E-1
2.003789E0	7.555940E-1
2.020489E0	7.553616E-1
2.037189E0	7.549259E-1
2.053889E0	7.546231E-1
2.070589E0	7.543855E-1
2.087289E0	7.539439E-1
2.103989E0	7.536740E-1
2.120689E0	7.532727E-1
2.137389E0	7.529282E-1
2.154089E0	7.526091E-1
2.170789E0	7.521580E-1
2.187489E0	7.518560E-1
2.204189E0	7.515444E-1
2.220889E0	7.511888E-1
2.237589E0	7.508700E-1
2.254289E0	7.503899E-1
2.270989E0	7.500365E-1
2.287689E0	7.497415E-1
2.304289E0	7.494195E-1
2.320889E0	7.490042E-1
2.337689E0	7.485911E-1
2.354389E0	7.482512E-1
2.371089E0	7.479324E-1
2.387789E0	7.475447E-1
2.404489E0	7.473966E-1
2.421189E0	7.471009E-1
2.437889E0	7.468028E-1
2.454589E0	7.463758E-1
2.471289E0	7.460072E-1
2.487989E0	7.455941E-1
2.504689E0	7.452199E-1
2.521389E0	7.449332E-1
2.538089E0	7.446662E-1
2.554789E0	7.443898E-1
2.588156E0	7.435937E-1
2.604856E0	7.432858E-1
2.621556E0	7.430087E-1
2.638256E0	7.427926E-1
2.654956E0	7.423764E-1
2.671656E0	7.420669E-1
2.688356E0	7.417513E-1
2.705056E0	7.414114E-1
2.721756E0	7.411185E-1
2.738456E0	7.408540E-1
2.755156E0	7.404175E-1
2.771856E0	7.401322E-1
2.788556E0	7.397294E-1
2.805256E0	7.393916E-1
2.821956E0	7.389068E-1
2.838656E0	7.386228E-1
2.855356E0	7.382899E-1
2.872056E0	7.379539E-1
2.905411E0	7.372963E-1
2.922111E0	7.369858E-1
2.938811E0	7.366535E-1
2.955511E0	7.362975E-1
2.972211E0	7.359301E-1
2.988911E0	7.356099E-1
3.005611E0	7.352176E-1
3.022311E0	7.347994E-1
3.039011E0	7.344603E-1
3.055711E0	7.341312E-1
3.072411E0	7.337198E-1
3.089111E0	7.333148E-1
3.105811E0	7.329356E-1
3.122511E0	7.326814E-1
3.139211E0	7.323645E-1
3.155911E0	7.319450E-1
3.172611E0	7.315450E-1
3.189311E0	7.311787E-1
3.206011E0	7.309257E-1
3.222711E0	7.305239E-1
3.239411E0	7.300592E-1
3.256111E0	7.296926E-1
3.272811E0	7.293285E-1
3.289511E0	7.290673E-1
3.306211E0	7.286343E-1
3.322911E0	7.282740E-1
3.339611E0	7.278419E-1
3.356311E0	7.275085E-1
3.373011E0	7.270861E-1
3.389711E0	7.267384E-1
3.406411E0	7.263769E-1
3.439767E0	7.255841E-1
3.456456E0	7.252855E-1
3.473144E0	7.248966E-1
3.489833E0	7.245466E-1
3.539944E0	7.233302E-1
3.556644E0	7.228850E-1
3.573344E0	7.225297E-1
3.590044E0	7.222336E-1
3.606744E0	7.218705E-1
3.623444E0	7.215414E-1
3.640144E0	7.209968E-1
3.656844E0	7.204127E-1
3.673544E0	7.200488E-1
3.690244E0	7.193834E-1
3.706944E0	7.193011E-1
3.723644E0	7.194164E-1
3.740344E0	7.194925E-1
3.757044E0	7.192488E-1
3.773744E0	7.181305E-1
3.790444E0	7.169994E-1
3.807144E0	7.160445E-1
3.823844E0	7.162063E-1
3.840544E0	7.162978E-1
3.857244E0	7.166090E-1
3.873944E0	7.166145E-1
3.890644E0	7.157801E-1
3.907344E0	7.149199E-1
3.924044E0	7.141282E-1
3.940744E0	7.133384E-1
3.957444E0	7.131852E-1
3.990789E0	7.130365E-1
4.007489E0	7.124903E-1
4.024189E0	7.115886E-1
4.040889E0	7.113253E-1
4.057589E0	7.112713E-1
4.074289E0	7.108090E-1
4.090989E0	7.102649E-1
4.107689E0	7.096690E-1
4.124389E0	7.086958E-1
4.141089E0	7.086166E-1
4.157789E0	7.082041E-1
4.174489E0	7.079767E-1
4.191189E0	7.077688E-1
4.207889E0	7.073220E-1
4.224589E0	7.069436E-1
4.241289E0	7.063321E-1
4.257989E0	7.055112E-1
4.274689E0	7.051919E-1
4.291389E0	7.051012E-1
4.308089E0	7.046924E-1
4.341444E0	7.037146E-1
4.358133E0	7.034603E-1
4.374822E0	7.029959E-1
4.391511E0	7.026157E-1
4.408200E0	7.021074E-1
4.424889E0	7.017129E-1
4.441578E0	7.012971E-1
4.458267E0	7.010569E-1
4.474956E0	7.006330E-1
4.491644E0	7.002496E-1
4.508333E0	6.999075E-1
4.525022E0	6.993472E-1
4.541711E0	6.987504E-1
4.558400E0	6.982587E-1
4.575200E0	6.978060E-1
4.591900E0	6.974990E-1
4.608600E0	6.973922E-1
4.625300E0	6.968874E-1
4.642000E0	6.965546E-1
4.658700E0	6.959847E-1
4.675400E0	6.956153E-1
4.692100E0	6.951500E-1
4.708800E0	6.946498E-1
4.725500E0	6.941810E-1
4.742200E0	6.938986E-1
4.758900E0	6.934388E-1
4.775600E0	6.932594E-1
4.792300E0	6.930320E-1
4.809000E0	6.926232E-1
4.825700E0	6.921856E-1
4.842400E0	6.916524E-1
4.859100E0	6.908931E-1
4.875800E0	6.905464E-1
4.892500E0	6.900255E-1
4.909200E0	6.899082E-1
4.925900E0	6.897651E-1
4.942600E0	6.892575E-1
4.959300E0	6.888726E-1
4.976000E0	6.882843E-1
4.992700E0	6.878040E-1
5.009400E0	6.873431E-1
5.026100E0	6.867919E-1
5.042800E0	6.863111E-1
5.059500E0	6.860543E-1
5.076200E0	6.857195E-1
5.092900E0	6.853797E-1
5.109600E0	6.851471E-1
5.126300E0	6.846354E-1
5.143000E0	6.840620E-1
5.159700E0	6.835976E-1
5.176400E0	6.830652E-1
5.193100E0	6.825347E-1
5.209800E0	6.821900E-1
5.226500E0	6.818664E-1
5.243200E0	6.815605E-1
5.259800E0	6.810778E-1
5.276400E0	6.806433E-1
5.293200E0	6.801926E-1
5.309900E0	6.797676E-1
5.326600E0	6.792406E-1
5.343300E0	6.787744E-1
5.360000E0	6.783472E-1
5.376700E0	6.780390E-1
5.393400E0	6.776287E-1
5.410100E0	6.771983E-1
5.443478E0	6.763590E-1
5.476856E0	6.753409E-1
5.493578E0	6.747532E-1
5.510300E0	6.744513E-1
5.527022E0	6.741034E-1
5.543744E0	6.735831E-1
5.560367E0	6.731316E-1
5.576989E0	6.726845E-1
5.593756E0	6.721232E-1
5.610522E0	6.717393E-1
5.627156E0	6.712431E-1
5.643789E0	6.708202E-1
5.660556E0	6.703758E-1
5.677322E0	6.699402E-1
5.693944E0	6.694602E-1
5.710567E0	6.689516E-1
5.727344E0	6.684810E-1
5.744122E0	6.678953E-1
5.760733E0	6.674783E-1
5.777344E0	6.669799E-1
5.794133E0	6.666099E-1
5.810922E0	6.662357E-1
5.827533E0	6.656922E-1
5.844144E0	6.652954E-1
5.860922E0	6.646769E-1
5.877700E0	6.642643E-1
5.894322E0	6.638146E-1
5.910944E0	6.633685E-1
5.927711E0	6.629358E-1
5.944478E0	6.625423E-1
5.961111E0	6.621904E-1
5.977744E0	6.615761E-1
5.994500E0	6.611225E-1
6.011256E0	6.605260E-1
6.027900E0	6.598780E-1
6.044544E0	6.593969E-1
6.061300E0	6.588576E-1
6.078056E0	6.584583E-1
6.094689E0	6.580521E-1
6.111322E0	6.575538E-1
6.128089E0	6.570090E-1
6.144856E0	6.565010E-1
6.161489E0	6.560774E-1
6.178122E0	6.554210E-1
6.194878E0	6.548938E-1
6.211633E0	6.544791E-1
6.228278E0	6.538127E-1
6.244922E0	6.535351E-1
6.261567E0	6.530190E-1
6.278356E0	6.524469E-1
6.295144E0	6.519819E-1
6.311756E0	6.514838E-1
6.328367E0	6.510163E-1
6.345133E0	6.504850E-1
6.361900E0	6.500475E-1
6.378533E0	6.495029E-1
6.395167E0	6.490292E-1
6.411922E0	6.485620E-1
6.428678E0	6.480600E-1
6.445322E0	6.475627E-1
6.461967E0	6.470173E-1
6.478722E0	6.465404E-1
6.495478E0	6.460154E-1
6.512111E0	6.456353E-1
6.528744E0	6.449618E-1
6.545511E0	6.446049E-1
6.562278E0	6.440334E-1
6.578900E0	6.436536E-1
6.595522E0	6.431352E-1
6.629000E0	6.422190E-1
6.645700E0	6.415612E-1
6.662400E0	6.411801E-1
6.679100E0	6.407213E-1
6.695800E0	6.402055E-1
6.712500E0	6.396686E-1
6.729200E0	6.392083E-1
6.745900E0	6.386883E-1
6.762600E0	6.381927E-1
6.779300E0	6.376509E-1
6.796000E0	6.371255E-1
6.812700E0	6.366949E-1
6.846078E0	6.357194E-1
6.862778E0	6.351762E-1
6.879478E0	6.347150E-1
6.896178E0	6.341128E-1
6.912878E0	6.336092E-1
6.929578E0	6.331788E-1
6.946278E0	6.327041E-1
6.962978E0	6.322595E-1
6.979678E0	6.317213E-1
6.996378E0	6.312344E-1
7.013078E0	6.307578E-1
7.029778E0	6.302214E-1
7.046478E0	6.296547E-1
7.063178E0	6.291680E-1
7.079878E0	6.287548E-1
7.096578E0	6.281857E-1
7.113278E0	6.277447E-1
7.129978E0	6.271910E-1
7.146678E0	6.267870E-1
7.163378E0	6.261704E-1
7.180078E0	6.255836E-1
7.196778E0	6.251474E-1
7.213478E0	6.246077E-1
7.230178E0	6.240917E-1
7.246878E0	6.235512E-1
7.263578E0	6.229771E-1
7.296911E0	6.220078E-1
7.313600E0	6.215266E-1
7.330289E0	6.209843E-1
7.346978E0	6.204860E-1
7.363667E0	6.199267E-1
7.380356E0	6.194218E-1
7.397044E0	6.189573E-1
7.413733E0	6.184195E-1
7.430422E0	6.179234E-1
7.447111E0	6.173003E-1
7.463800E0	6.168351E-1
7.480489E0	6.163336E-1
7.497178E0	6.157196E-1
7.513867E0	6.152050E-1
7.530667E0	6.147658E-1
7.547367E0	6.141543E-1
7.564067E0	6.137602E-1
7.580767E0	6.131681E-1
7.597467E0	6.126610E-1
7.614167E0	6.121132E-1
7.630867E0	6.116816E-1
7.647567E0	6.111192E-1
7.664267E0	6.105948E-1
7.680967E0	6.101427E-1
7.714344E0	6.092965E-1
7.731033E0	6.086740E-1
7.747722E0	6.080785E-1
7.764411E0	6.077209E-1
7.781100E0	6.070090E-1
7.797789E0	6.066628E-1
7.814478E0	6.060489E-1
7.831167E0	6.055552E-1
7.847856E0	6.049584E-1
7.864544E0	6.044838E-1
7.881233E0	6.040242E-1
7.897922E0	6.035176E-1
7.914611E0	6.030939E-1
7.931411E0	6.025695E-1
7.948111E0	6.019321E-1
7.964811E0	6.015011E-1
7.981511E0	6.009612E-1
7.998211E0	6.005251E-1
8.031600E0	5.994637E-1
8.048289E0	5.988636E-1
8.064978E0	5.983364E-1
8.081667E0	5.978476E-1
8.098356E0	5.973935E-1
8.115044E0	5.968588E-1
8.131733E0	5.963086E-1
8.148422E0	5.957688E-1
8.165111E0	5.952536E-1
8.181800E0	5.947306E-1
8.198489E0	5.942460E-1
8.231956E0	5.931911E-1
8.248656E0	5.926200E-1
8.265356E0	5.920654E-1
8.282056E0	5.915331E-1
8.298756E0	5.909723E-1
8.315456E0	5.904200E-1
8.332156E0	5.899206E-1
8.348856E0	5.893576E-1
8.365556E0	5.888752E-1
8.382256E0	5.883260E-1
8.398956E0	5.876404E-1
8.415656E0	5.871667E-1
8.432356E0	5.866356E-1
8.449056E0	5.860158E-1
8.465756E0	5.855536E-1
8.482456E0	5.849498E-1
8.499156E0	5.843377E-1
8.515856E0	5.838775E-1
8.532556E0	5.832900E-1
8.549256E0	5.827366E-1
8.565956E0	5.822023E-1
8.582656E0	5.816661E-1
8.599356E0	5.811107E-1
8.616056E0	5.805793E-1
8.632756E0	5.800519E-1
8.649456E0	5.794949E-1
8.666156E0	5.789445E-1
8.682856E0	5.784184E-1
8.699556E0	5.778304E-1
8.716256E0	5.772647E-1
8.732956E0	5.766940E-1
8.749656E0	5.761461E-1
8.766356E0	5.755875E-1
8.783056E0	5.750022E-1
8.799756E0	5.745504E-1
8.816456E0	5.740358E-1
8.833156E0	5.734457E-1
8.849856E0	5.728460E-1
8.866556E0	5.723196E-1
8.883256E0	5.717720E-1
8.899956E0	5.712992E-1
8.916656E0	5.707131E-1
8.933356E0	5.700710E-1
8.949956E0	5.695123E-1
8.966556E0	5.689471E-1
8.983356E0	5.684235E-1
9.000056E0	5.678608E-1
9.016756E0	5.673161E-1
9.033456E0	5.667201E-1
9.050156E0	5.662029E-1
9.066856E0	5.657238E-1
9.083556E0	5.651666E-1
9.100256E0	5.645061E-1
9.116956E0	5.640999E-1
9.150333E0	5.629983E-1
9.167033E0	5.624223E-1
9.183733E0	5.618574E-1
9.200433E0	5.613267E-1
9.217133E0	5.607329E-1
9.233833E0	5.602229E-1
9.250533E0	5.597038E-1
9.267233E0	5.591590E-1
9.283933E0	5.585768E-1
9.300633E0	5.580404E-1
9.317333E0	5.574227E-1
9.334033E0	5.569483E-1
9.350733E0	5.563556E-1
9.367433E0	5.557672E-1
9.384133E0	5.552357E-1
9.400833E0	5.545950E-1
9.417533E0	5.541104E-1
9.434233E0	5.534995E-1
9.450933E0	5.528687E-1
9.467633E0	5.524282E-1
9.484333E0	5.517542E-1
9.501033E0	5.511543E-1
9.517733E0	5.506437E-1
9.534433E0	5.499929E-1
9.551133E0	5.495166E-1
9.567833E0	5.489336E-1
9.584533E0	5.482979E-1
9.601233E0	5.478938E-1
9.617933E0	5.472227E-1
9.634633E0	5.467502E-1
9.651333E0	5.462199E-1
9.684667E0	5.450401E-1
9.701356E0	5.445010E-1
9.718044E0	5.438738E-1
9.734733E0	5.434118E-1
9.751422E0	5.427956E-1
9.768111E0	5.422618E-1
9.784800E0	5.416905E-1
9.801489E0	5.410390E-1
9.818178E0	5.405552E-1
9.834867E0	5.399654E-1
9.851556E0	5.392823E-1
9.868244E0	5.388494E-1
9.884933E0	5.381890E-1
9.901733E0	5.375300E-1
9.918433E0	5.371095E-1
9.935133E0	5.365118E-1
9.951833E0	5.358932E-1
9.968533E0	5.354650E-1
9.985233E0	5.348399E-1
1.001861E1	5.337728E-1
1.003531E1	5.330923E-1
1.005201E1	5.325683E-1
1.006871E1	5.319842E-1
1.008541E1	5.314002E-1
1.010211E1	5.309699E-1
1.011881E1	5.303438E-1
1.013551E1	5.297754E-1
1.015221E1	5.293137E-1
1.016891E1	5.286353E-1
1.018561E1	5.281286E-1
1.020231E1	5.276023E-1
1.021901E1	5.269199E-1
1.023571E1	5.264822E-1
1.025241E1	5.258476E-1
1.026911E1	5.251817E-1
1.028581E1	5.247670E-1
1.030251E1	5.240674E-1
1.031921E1	5.234890E-1
1.033591E1	5.230489E-1
1.035261E1	5.224214E-1
1.036931E1	5.220151E-1
1.038601E1	5.214242E-1
1.040271E1	5.207187E-1
1.041941E1	5.202615E-1
1.043611E1	5.196795E-1
1.045281E1	5.189856E-1
1.046951E1	5.186081E-1
1.048621E1	5.179256E-1
1.050291E1	5.172234E-1
1.051961E1	5.168357E-1
1.053631E1	5.161470E-1
1.055301E1	5.154686E-1
1.056971E1	5.150148E-1
1.058641E1	5.143970E-1
1.060311E1	5.137522E-1
1.061981E1	5.133403E-1
1.063651E1	5.126189E-1
1.065321E1	5.120076E-1
1.066991E1	5.114564E-1
1.068661E1	5.109102E-1
1.070331E1	5.101968E-1
1.072001E1	5.097571E-1
1.073671E1	5.091176E-1
1.075341E1	5.085116E-1
1.077001E1	5.080599E-1
1.078661E1	5.074119E-1
1.080341E1	5.068141E-1
1.082011E1	5.063409E-1
1.083681E1	5.057173E-1
1.085351E1	5.051072E-1
1.087021E1	5.046288E-1
1.088691E1	5.040112E-1
1.090361E1	5.034163E-1
1.092031E1	5.029030E-1
1.093701E1	5.022567E-1
1.095371E1	5.015660E-1
1.097041E1	5.011612E-1
1.098711E1	5.004960E-1
1.100381E1	4.999225E-1
1.102051E1	4.994249E-1
1.103721E1	4.987182E-1
1.105391E1	4.981131E-1
1.107061E1	4.976362E-1
1.108731E1	4.969514E-1
1.110401E1	4.963199E-1
1.112071E1	4.958729E-1
1.113741E1	4.954471E-1
1.115411E1	4.947300E-1
1.117081E1	4.942732E-1
1.118751E1	4.936406E-1
1.120421E1	4.929315E-1
1.122091E1	4.924319E-1
1.123761E1	4.918259E-1
1.125431E1	4.911154E-1
1.128764E1	4.900513E-1
1.130434E1	4.893669E-1
1.132104E1	4.887906E-1
1.133774E1	4.882653E-1
1.135444E1	4.875843E-1
1.137114E1	4.870055E-1
1.138784E1	4.865190E-1
1.140454E1	4.858507E-1
1.142124E1	4.851996E-1
1.143794E1	4.846951E-1
1.145464E1	4.841012E-1
1.147134E1	4.834027E-1
1.148804E1	4.828880E-1
1.150474E1	4.822891E-1
1.152144E1	4.815642E-1
1.153814E1	4.808855E-1
1.155484E1	4.804386E-1
1.157154E1	4.797431E-1
1.158824E1	4.791026E-1
1.160494E1	4.786511E-1
1.163830E1	4.773015E-1
1.165500E1	4.769214E-1
1.167170E1	4.762348E-1
1.168840E1	4.755181E-1
1.170510E1	4.751203E-1
1.172180E1	4.744424E-1
1.173850E1	4.737342E-1
1.175520E1	4.733336E-1
1.177190E1	4.726829E-1
1.178860E1	4.720120E-1
1.180530E1	4.715443E-1
1.182200E1	4.709453E-1
1.183870E1	4.702392E-1
1.185540E1	4.697746E-1
1.187210E1	4.691308E-1
1.188880E1	4.684344E-1
1.190550E1	4.679895E-1
1.192220E1	4.673895E-1
1.193890E1	4.666912E-1
1.195560E1	4.661815E-1
1.197230E1	4.655803E-1
1.198900E1	4.648183E-1
1.200570E1	4.642816E-1
1.202240E1	4.637160E-1
1.203910E1	4.630139E-1
1.205580E1	4.624477E-1
1.207250E1	4.619281E-1
1.208920E1	4.611934E-1
1.210590E1	4.605518E-1
1.212260E1	4.600957E-1
1.213930E1	4.594368E-1
1.215600E1	4.587580E-1
1.217270E1	4.583743E-1
1.218940E1	4.576769E-1
1.220610E1	4.569485E-1
1.222280E1	4.563647E-1
1.223950E1	4.557816E-1
1.225620E1	4.551019E-1
1.227290E1	4.544908E-1
1.228960E1	4.540525E-1
1.230630E1	4.533405E-1
1.232300E1	4.526385E-1
1.233970E1	4.522038E-1
1.235640E1	4.515702E-1
1.237310E1	4.507699E-1
1.238980E1	4.503017E-1
1.240640E1	4.496545E-1
1.242300E1	4.489158E-1
1.243980E1	4.483059E-1
1.245650E1	4.478314E-1
1.247320E1	4.471149E-1
1.248990E1	4.465091E-1
1.250660E1	4.460028E-1
1.252330E1	4.453734E-1
1.254000E1	4.445893E-1
1.255670E1	4.440452E-1
1.257340E1	4.434832E-1
1.259010E1	4.427721E-1
1.260680E1	4.421853E-1
1.262350E1	4.417262E-1
1.264020E1	4.409640E-1
1.265690E1	4.402359E-1
1.267360E1	4.397427E-1
1.269030E1	4.390556E-1
1.270700E1	4.383872E-1
1.272370E1	4.377687E-1
1.274040E1	4.372478E-1
1.275710E1	4.365787E-1
1.277380E1	4.359287E-1
1.279050E1	4.354307E-1
1.280720E1	4.347998E-1
1.282390E1	4.340629E-1
1.284060E1	4.334393E-1
1.285730E1	4.329747E-1
1.287400E1	4.322116E-1
1.290736E1	4.311196E-1
1.292406E1	4.304152E-1
1.294076E1	4.297047E-1
1.295746E1	4.293413E-1
1.297416E1	4.286455E-1
1.299086E1	4.278786E-1
1.300756E1	4.274341E-1
1.302426E1	4.268326E-1
1.304096E1	4.260353E-1
1.305766E1	4.254632E-1
1.307436E1	4.249674E-1
1.309106E1	4.242489E-1
1.310776E1	4.236880E-1
1.312446E1	4.232192E-1
1.314116E1	4.224875E-1
1.315786E1	4.219232E-1
1.317456E1	4.213491E-1
1.319126E1	4.207495E-1
1.320796E1	4.200932E-1
1.322466E1	4.196216E-1
1.324136E1	4.189817E-1
1.325806E1	4.183846E-1
1.327476E1	4.177163E-1
1.329146E1	4.171857E-1
1.330816E1	4.164841E-1
1.332486E1	4.158144E-1
1.334156E1	4.152726E-1
1.335826E1	4.146790E-1
1.337496E1	4.140215E-1
1.339166E1	4.134951E-1
1.340836E1	4.128575E-1
1.342506E1	4.120598E-1
1.344176E1	4.115107E-1
1.345846E1	4.109963E-1
1.347516E1	4.102795E-1
1.349186E1	4.096251E-1
1.350856E1	4.090655E-1
1.352526E1	4.084242E-1
1.354196E1	4.077795E-1
1.355866E1	4.073153E-1
1.357536E1	4.066389E-1
1.359206E1	4.058879E-1
1.360876E1	4.052653E-1
1.362546E1	4.047512E-1
1.364206E1	4.040310E-1
1.365866E1	4.033930E-1
1.367546E1	4.027644E-1
1.369216E1	4.021616E-1
1.370886E1	4.014785E-1
1.372556E1	4.007964E-1
1.374226E1	4.001336E-1
1.375896E1	3.995661E-1
1.377566E1	3.988252E-1
1.379236E1	3.982273E-1
1.380906E1	3.975456E-1
1.382576E1	3.969417E-1
1.384246E1	3.961571E-1
1.385916E1	3.954915E-1
1.387586E1	3.950317E-1
1.389256E1	3.943195E-1
1.390926E1	3.935645E-1
1.392596E1	3.929849E-1
1.394266E1	3.923911E-1
1.395936E1	3.916493E-1
1.397606E1	3.910173E-1
1.399276E1	3.904806E-1
1.400946E1	3.897255E-1
1.402616E1	3.891131E-1
1.404286E1	3.884946E-1
1.405956E1	3.878026E-1
1.407626E1	3.871799E-1
1.409296E1	3.864679E-1
1.410966E1	3.858294E-1
1.412636E1	3.853857E-1
1.414306E1	3.846193E-1
1.415976E1	3.838786E-1
1.417646E1	3.832737E-1
1.419316E1	3.826919E-1
1.420986E1	3.820630E-1
1.422656E1	3.813712E-1
1.424326E1	3.807459E-1
1.425996E1	3.801649E-1
1.427666E1	3.794320E-1
1.429336E1	3.787374E-1
1.431006E1	3.781676E-1
1.432676E1	3.774451E-1
1.434346E1	3.767667E-1
1.437676E1	3.755195E-1
1.439346E1	3.749341E-1
1.441016E1	3.742369E-1
1.442686E1	3.734645E-1
1.444356E1	3.729223E-1
1.446026E1	3.722287E-1
1.447696E1	3.716142E-1
1.449366E1	3.708662E-1
1.451036E1	3.703034E-1
1.452706E1	3.696896E-1
1.454376E1	3.690472E-1
1.456046E1	3.683850E-1
1.457716E1	3.678551E-1
1.459386E1	3.670630E-1
1.461056E1	3.664069E-1
1.462726E1	3.660105E-1
1.464396E1	3.652271E-1
1.466066E1	3.644965E-1
1.467736E1	3.639603E-1
1.469406E1	3.633774E-1
1.471076E1	3.626539E-1
1.472746E1	3.618896E-1
1.474416E1	3.612774E-1
1.476086E1	3.608169E-1
1.477756E1	3.600763E-1
1.479426E1	3.592684E-1
1.481096E1	3.586408E-1
1.482766E1	3.580978E-1
1.484436E1	3.574130E-1
1.486106E1	3.567312E-1
1.487776E1	3.561537E-1
1.489446E1	3.554975E-1
1.491116E1	3.547921E-1
1.492786E1	3.540788E-1
1.494456E1	3.535531E-1
1.496116E1	3.528586E-1
1.497776E1	3.521754E-1
1.499456E1	3.515450E-1
1.501126E1	3.507785E-1
1.502796E1	3.502427E-1
1.504466E1	3.494707E-1
1.506136E1	3.486166E-1
1.507806E1	3.480866E-1
1.509476E1	3.473957E-1
1.511146E1	3.467333E-1
1.512816E1	3.459723E-1
1.514486E1	3.453121E-1
1.516156E1	3.447038E-1
1.517826E1	3.439020E-1
1.519496E1	3.433020E-1
1.521166E1	3.427505E-1
1.522836E1	3.419019E-1
1.524506E1	3.413491E-1
1.526176E1	3.406617E-1
1.527846E1	3.398449E-1
1.529516E1	3.392157E-1
1.531186E1	3.384924E-1
1.532856E1	3.379583E-1
1.534526E1	3.371867E-1
1.536196E1	3.364310E-1
1.537866E1	3.357354E-1
1.539536E1	3.349972E-1
1.541206E1	3.344354E-1
1.542876E1	3.336821E-1
1.544546E1	3.328860E-1
1.546216E1	3.323242E-1
1.547886E1	3.317260E-1
1.549556E1	3.309593E-1
1.551226E1	3.302800E-1
1.552896E1	3.296753E-1
1.554566E1	3.290115E-1
1.556236E1	3.283807E-1
1.557906E1	3.275548E-1
1.559566E1	3.269481E-1
1.561226E1	3.262967E-1
1.562906E1	3.256222E-1
1.564576E1	3.248135E-1
1.566246E1	3.241654E-1
1.567916E1	3.235724E-1
1.569586E1	3.228838E-1
1.571256E1	3.222044E-1
1.572926E1	3.215362E-1
1.574596E1	3.208422E-1
1.576266E1	3.203300E-1
1.577936E1	3.196213E-1
1.579606E1	3.188578E-1
1.581276E1	3.182538E-1
1.582946E1	3.174964E-1
1.584616E1	3.168400E-1
1.586286E1	3.161928E-1
1.587956E1	3.153778E-1
1.589626E1	3.147710E-1
1.591296E1	3.141169E-1
1.592966E1	3.134182E-1
1.594636E1	3.128258E-1
1.596306E1	3.120861E-1
1.597976E1	3.115325E-1
1.599646E1	3.107390E-1
1.601316E1	3.101552E-1
1.602986E1	3.094043E-1
1.604656E1	3.088073E-1
1.606326E1	3.081776E-1
1.607996E1	3.074286E-1
1.609666E1	3.067309E-1
1.611336E1	3.061912E-1
1.613006E1	3.055589E-1
1.614676E1	3.048016E-1
1.616346E1	3.041404E-1
1.618016E1	3.035114E-1
1.619686E1	3.028933E-1
1.621356E1	3.022298E-1
1.623026E1	3.014449E-1
1.624696E1	3.009094E-1
1.626366E1	3.001929E-1
1.628036E1	2.994022E-1
1.629706E1	2.988286E-1
1.631376E1	2.980891E-1
1.633046E1	2.975257E-1
1.634706E1	2.968346E-1
1.636366E1	2.960128E-1
1.638046E1	2.954129E-1
1.639716E1	2.947895E-1
1.641386E1	2.941100E-1
1.643056E1	2.934012E-1
1.644726E1	2.926962E-1
1.646396E1	2.920964E-1
1.648066E1	2.914401E-1
1.649736E1	2.906587E-1
1.651406E1	2.900134E-1
1.653076E1	2.892849E-1
1.654746E1	2.886634E-1
1.656416E1	2.880295E-1
1.658086E1	2.872618E-1
1.659756E1	2.866902E-1
1.661426E1	2.859876E-1
1.663096E1	2.853404E-1
1.664766E1	2.847249E-1
1.668101E1	2.834142E-1
1.669771E1	2.826712E-1
1.671441E1	2.820010E-1
1.673111E1	2.812247E-1
1.674781E1	2.805709E-1
1.676451E1	2.799948E-1
1.678121E1	2.793514E-1
1.679791E1	2.785711E-1
1.681461E1	2.779845E-1
1.683131E1	2.773594E-1
1.684801E1	2.767308E-1
1.686471E1	2.760004E-1
1.688141E1	2.754047E-1
1.689811E1	2.747217E-1
1.691481E1	2.741283E-1
1.693151E1	2.733404E-1
1.694821E1	2.726718E-1
1.696491E1	2.719911E-1
1.698161E1	2.712976E-1
1.699831E1	2.707060E-1
1.701501E1	2.698118E-1
1.703171E1	2.692172E-1
1.704841E1	2.686077E-1
1.706511E1	2.679913E-1
1.708181E1	2.673262E-1
1.709851E1	2.666991E-1
1.711521E1	2.658512E-1
1.713191E1	2.652306E-1
1.714861E1	2.644779E-1
1.716531E1	2.637397E-1
1.718201E1	2.630776E-1
1.719871E1	2.624643E-1
1.721541E1	2.618535E-1
1.723211E1	2.611149E-1
1.724881E1	2.604784E-1
1.726551E1	2.597871E-1
1.729883E1	2.584737E-1
1.731553E1	2.577295E-1
1.733223E1	2.570730E-1
1.734893E1	2.563100E-1
1.736563E1	2.556715E-1
1.738233E1	2.549503E-1
1.739903E1	2.541790E-1
1.741573E1	2.535474E-1
1.743243E1	2.528095E-1
1.744913E1	2.521580E-1
1.746583E1	2.514200E-1
1.748253E1	2.508443E-1
1.749923E1	2.500578E-1
1.751593E1	2.496058E-1
1.753263E1	2.487738E-1
1.754933E1	2.480035E-1
1.756603E1	2.474259E-1
1.758273E1	2.466801E-1
1.759943E1	2.460874E-1
1.761613E1	2.452972E-1
1.763283E1	2.446987E-1
1.766618E1	2.434011E-1
1.768288E1	2.426232E-1
1.769958E1	2.420370E-1
1.771628E1	2.416177E-1
1.773298E1	2.407075E-1
1.774968E1	2.399575E-1
1.776638E1	2.393265E-1
1.778308E1	2.389238E-1
1.779978E1	2.380677E-1
1.781648E1	2.375290E-1
1.783318E1	2.369805E-1
1.784988E1	2.362053E-1
1.786658E1	2.356831E-1
1.788328E1	2.350465E-1
1.789998E1	2.341907E-1
1.791668E1	2.337948E-1
1.793338E1	2.331608E-1
1.795008E1	2.323129E-1
1.796678E1	2.319593E-1
1.798348E1	2.310826E-1
1.800018E1	2.304972E-1
1.801688E1	2.298358E-1
1.803358E1	2.292614E-1
1.805028E1	2.284737E-1
1.806698E1	2.276195E-1
1.808368E1	2.268186E-1
1.810038E1	2.268105E-1
1.811708E1	2.259631E-1
1.813378E1	2.250466E-1
1.815048E1	2.243643E-1
1.816718E1	2.237592E-1
1.818388E1	2.229284E-1
1.820058E1	2.221229E-1
1.821728E1	2.215013E-1
1.823398E1	2.207841E-1
1.825068E1	2.200890E-1
1.826738E1	2.194387E-1
1.828408E1	2.188488E-1
1.830078E1	2.182307E-1
1.831748E1	2.175926E-1
1.833418E1	2.169342E-1
1.835088E1	2.162637E-1
1.836758E1	2.157645E-1
1.838418E1	2.147160E-1
1.840078E1	2.141002E-1
1.841758E1	2.134740E-1
1.843428E1	2.126159E-1
1.845098E1	2.121429E-1
1.846768E1	2.112076E-1
1.848438E1	2.105968E-1
1.850108E1	2.100103E-1
1.851778E1	2.093575E-1
1.853448E1	2.083598E-1
1.855118E1	2.076999E-1
1.856788E1	2.073149E-1
1.858458E1	2.061799E-1
1.860128E1	2.056004E-1
1.861798E1	2.049725E-1
1.863468E1	2.041469E-1
1.865138E1	2.033699E-1
1.866808E1	2.028039E-1
1.868478E1	2.023055E-1
1.870148E1	2.012157E-1
1.871818E1	2.006609E-1
1.873488E1	2.001321E-1
1.875158E1	1.988805E-1
1.876828E1	1.984602E-1
1.878498E1	1.978027E-1
1.880168E1	1.972142E-1
1.881838E1	1.961286E-1
1.883508E1	1.955925E-1
1.885178E1	1.948216E-1
1.886848E1	1.941144E-1
1.888518E1	1.934059E-1
1.890188E1	1.924380E-1
1.891858E1	1.919077E-1
1.893528E1	1.912024E-1
1.895198E1	1.905103E-1
1.898530E1	1.892400E-1
1.900200E1	1.885880E-1
