0.000000E0	7.855010E-1
1.660000E-2	7.853176E-1
3.320000E-2	7.849668E-1
5.000000E-2	7.846617E-1
6.670000E-2	7.845518E-1
8.340000E-2	7.845301E-1
1.001000E-1	7.842125E-1
1.168000E-1	7.838148E-1
1.335000E-1	7.836018E-1
1.502000E-1	7.834012E-1
1.669000E-1	7.830225E-1
1.836000E-1	7.828369E-1
2.003000E-1	7.826773E-1
2.170000E-1	7.825481E-1
2.337000E-1	7.822663E-1
2.504000E-1	7.821505E-1
2.671000E-1	7.819889E-1
2.838000E-1	7.818636E-1
3.005000E-1	7.817712E-1
3.172000E-1	7.816251E-1
3.339000E-1	7.811585E-1
3.506000E-1	7.811633E-1
3.673000E-1	7.811652E-1
3.840000E-1	7.810830E-1
4.007000E-1	7.809441E-1
4.174000E-1	7.805632E-1
4.341000E-1	7.806392E-1
4.508000E-1	7.806325E-1
4.675000E-1	7.806220E-1
4.842000E-1	7.801393E-1
5.009000E-1	7.801334E-1
5.176000E-1	7.800572E-1
5.343000E-1	7.800566E-1
5.510000E-1	7.800989E-1
5.677000E-1	7.800244E-1
5.844000E-1	7.799376E-1
6.011000E-1	7.796715E-1
6.178000E-1	7.793792E-1
6.345000E-1	7.791745E-1
6.512000E-1	7.790368E-1
6.679000E-1	7.786882E-1
6.846000E-1	7.785555E-1
7.013000E-1	7.782049E-1
7.180000E-1	7.779425E-1
7.347000E-1	7.779187E-1
7.513000E-1	7.775818E-1
7.679000E-1	7.772133E-1
7.847000E-1	7.769643E-1
8.014000E-1	7.765632E-1
8.181000E-1	7.766014E-1
8.348000E-1	7.762439E-1
8.515000E-1	7.758898E-1
8.682000E-1	7.755231E-1
8.849000E-1	7.751408E-1
9.016000E-1	7.749939E-1
9.183000E-1	7.746759E-1
9.350000E-1	7.745258E-1
9.517000E-1	7.742120E-1
9.684000E-1	7.739736E-1
9.851000E-1	7.738284E-1
1.001800E0	7.735089E-1
1.018500E0	7.733262E-1
1.035200E0	7.730771E-1
1.051900E0	7.729931E-1
1.068600E0	7.728182E-1
1.085300E0	7.724335E-1
1.102000E0	7.723163E-1
1.118700E0	7.720043E-1
1.135400E0	7.719139E-1
1.152100E0	7.717379E-1
1.168800E0	7.716508E-1
1.185500E0	7.714567E-1
1.202200E0	7.713268E-1
1.218900E0	7.710458E-1
1.235600E0	7.709878E-1
1.252300E0	7.708542E-1
1.269000E0	7.708117E-1
1.285700E0	7.707991E-1
1.302400E0	7.704157E-1
1.319100E0	7.703396E-1
1.335800E0	7.701812E-1
1.352500E0	7.700161E-1
1.369200E0	7.699103E-1
1.385900E0	7.696744E-1
1.402600E0	7.693678E-1
1.419300E0	7.691515E-1
1.436000E0	7.690889E-1
1.452700E0	7.688819E-1
1.469400E0	7.684936E-1
1.486000E0	7.680551E-1
1.502600E0	7.678487E-1
1.519400E0	7.675037E-1
1.536100E0	7.672847E-1
1.552800E0	7.670007E-1
1.569500E0	7.666677E-1
1.586200E0	7.664216E-1
1.602900E0	7.662135E-1
1.619600E0	7.658085E-1
1.636300E0	7.654065E-1
1.653000E0	7.651122E-1
1.669700E0	7.648567E-1
1.686400E0	7.646834E-1
1.703100E0	7.643512E-1
1.719800E0	7.640049E-1
1.736500E0	7.636237E-1
1.753200E0	7.633803E-1
1.769900E0	7.630384E-1
1.786600E0	7.627909E-1
1.803300E0	7.624839E-1
1.820000E0	7.622232E-1
1.836700E0	7.619845E-1
1.853400E0	7.618298E-1
1.870100E0	7.616804E-1
1.886800E0	7.615765E-1
1.903500E0	7.613019E-1
1.920200E0	7.608757E-1
1.936900E0	7.607700E-1
1.953600E0	7.605042E-1
1.970300E0	7.602578E-1
1.987000E0	7.602335E-1
2.003700E0	7.601745E-1
2.020400E0	7.598052E-1
2.037100E0	7.597300E-1
2.053800E0	7.594938E-1
2.070500E0	7.591036E-1
2.087200E0	7.590497E-1
2.103900E0	7.587982E-1
2.120600E0	7.585627E-1
2.137300E0	7.583596E-1
2.154000E0	7.582001E-1
2.170700E0	7.579952E-1
2.187400E0	7.577377E-1
2.204100E0	7.574613E-1
2.220800E0	7.572073E-1
2.237400E0	7.568884E-1
2.254000E0	7.564695E-1
2.270800E0	7.562675E-1
2.287500E0	7.559856E-1
2.304200E0	7.556662E-1
2.320900E0	7.554849E-1
2.337600E0	7.550386E-1
2.354300E0	7.547172E-1
2.371000E0	7.545953E-1
2.387700E0	7.541646E-1
2.404400E0	7.538699E-1
2.421100E0	7.535230E-1
2.437800E0	7.529691E-1
2.454500E0	7.527711E-1
2.471200E0	7.524916E-1
2.487900E0	7.521539E-1
2.504600E0	7.518017E-1
2.521300E0	7.513128E-1
2.538000E0	7.510200E-1
2.554700E0	7.508550E-1
2.571400E0	7.504073E-1
2.588100E0	7.501289E-1
2.604800E0	7.499004E-1
2.621500E0	7.494502E-1
2.638200E0	7.491909E-1
2.654900E0	7.490203E-1
2.671600E0	7.486329E-1
2.688300E0	7.484100E-1
2.705000E0	7.482996E-1
2.721700E0	7.479027E-1
2.738400E0	7.477071E-1
2.755100E0	7.475134E-1
2.771800E0	7.472276E-1
2.788500E0	7.468313E-1
2.805200E0	7.466731E-1
2.821900E0	7.465908E-1
2.838600E0	7.463544E-1
2.855300E0	7.461436E-1
2.872000E0	7.460191E-1
2.888700E0	7.457850E-1
2.905400E0	7.455141E-1
2.922100E0	7.452796E-1
2.938800E0	7.450620E-1
2.955500E0	7.448470E-1
2.972100E0	7.444794E-1
2.988700E0	7.442265E-1
3.005500E0	7.440296E-1
3.022200E0	7.437866E-1
3.038900E0	7.433172E-1
3.055600E0	7.431685E-1
3.072300E0	7.428709E-1
3.089000E0	7.425032E-1
3.105700E0	7.422220E-1
3.122400E0	7.419891E-1
3.139100E0	7.415188E-1
3.155800E0	7.413768E-1
3.172500E0	7.408357E-1
3.189200E0	7.406065E-1
3.205900E0	7.404070E-1
3.222600E0	7.399083E-1
3.239300E0	7.395881E-1
3.256000E0	7.392188E-1
3.272700E0	7.388478E-1
3.289400E0	7.386893E-1
3.306100E0	7.381012E-1
3.322800E0	7.378246E-1
3.339500E0	7.374655E-1
3.356200E0	7.371115E-1
3.372900E0	7.369007E-1
3.389600E0	7.363656E-1
3.406300E0	7.361060E-1
3.423000E0	7.356908E-1
3.439700E0	7.353882E-1
3.456400E0	7.351357E-1
3.473100E0	7.347290E-1
3.489800E0	7.344432E-1
3.506500E0	7.340882E-1
3.523200E0	7.337366E-1
3.539900E0	7.334277E-1
3.556600E0	7.332416E-1
3.573300E0	7.327881E-1
3.590000E0	7.324784E-1
3.606700E0	7.322562E-1
3.623400E0	7.319499E-1
3.640100E0	7.316329E-1
3.656800E0	7.314302E-1
3.673500E0	7.309997E-1
3.690200E0	7.308024E-1
3.706800E0	7.305020E-1
3.723400E0	7.302118E-1
3.740200E0	7.298866E-1
3.756900E0	7.297100E-1
3.773600E0	7.293481E-1
3.790300E0	7.290509E-1
3.807000E0	7.288545E-1
3.823700E0	7.284315E-1
3.840400E0	7.281401E-1
3.857100E0	7.279681E-1
3.873800E0	7.275630E-1
3.890500E0	7.271835E-1
3.907200E0	7.269360E-1
3.923900E0	7.265383E-1
3.940600E0	7.263406E-1
3.957300E0	7.260385E-1
3.974000E0	7.256237E-1
3.990700E0	7.253531E-1
4.007400E0	7.248938E-1
4.024100E0	7.246097E-1
4.040800E0	7.242568E-1
4.057500E0	7.238495E-1
4.074200E0	7.235352E-1
4.090900E0	7.230424E-1
4.107600E0	7.228369E-1
4.124300E0	7.223979E-1
4.141000E0	7.219610E-1
4.157700E0	7.217033E-1
4.174400E0	7.211733E-1
4.191100E0	7.209010E-1
4.207800E0	7.203710E-1
4.224500E0	7.200645E-1
4.241200E0	7.196179E-1
4.257900E0	7.192454E-1
4.274600E0	7.188161E-1
4.291300E0	7.185504E-1
4.308000E0	7.182075E-1
4.324700E0	7.177715E-1
4.341400E0	7.174714E-1
4.358100E0	7.169529E-1
4.374800E0	7.166306E-1
4.391500E0	7.163506E-1
4.408200E0	7.159350E-1
4.424900E0	7.156087E-1
4.441500E0	7.152724E-1
4.458100E0	7.148858E-1
4.474900E0	7.146466E-1
4.491600E0	7.141794E-1
4.508300E0	7.138702E-1
4.525000E0	7.135025E-1
4.541700E0	7.131625E-1
4.558400E0	7.128797E-1
4.575100E0	7.125363E-1
4.591800E0	7.121770E-1
4.608500E0	7.118406E-1
4.625200E0	7.115929E-1
4.641900E0	7.112488E-1
4.658600E0	7.108719E-1
4.675300E0	7.105116E-1
4.692000E0	7.102358E-1
4.708700E0	7.099698E-1
4.725400E0	7.096768E-1
4.742100E0	7.092728E-1
4.758800E0	7.089427E-1
4.775500E0	7.087207E-1
4.792200E0	7.083981E-1
4.808900E0	7.080425E-1
4.825600E0	7.077808E-1
4.842300E0	7.072921E-1
4.859000E0	7.069408E-1
4.875700E0	7.066520E-1
4.892400E0	7.062257E-1
4.909100E0	7.059020E-1
4.925800E0	7.054429E-1
4.942500E0	7.050626E-1
4.959200E0	7.047266E-1
4.975900E0	7.043126E-1
4.992600E0	7.039601E-1
5.009300E0	7.036300E-1
5.026000E0	7.032765E-1
5.042700E0	7.027556E-1
5.059400E0	7.025066E-1
5.076100E0	7.019175E-1
5.092800E0	7.016036E-1
5.109500E0	7.010296E-1
5.126200E0	7.006765E-1
5.142900E0	7.003026E-1
5.159600E0	6.998662E-1
5.176200E0	6.994902E-1
5.192800E0	6.989949E-1
5.209600E0	6.986639E-1
5.226300E0	6.983030E-1
5.243000E0	6.979645E-1
5.259700E0	6.975264E-1
5.276400E0	6.972776E-1
5.293100E0	6.968655E-1
5.309800E0	6.964646E-1
5.326500E0	6.961917E-1
5.343200E0	6.957688E-1
5.359900E0	6.954686E-1
5.376600E0	6.949579E-1
5.393300E0	6.945578E-1
5.410000E0	6.942737E-1
5.426700E0	6.939066E-1
5.443400E0	6.936092E-1
5.460100E0	6.931668E-1
5.476800E0	6.928826E-1
5.493500E0	6.926654E-1
5.510200E0	6.922980E-1
5.526900E0	6.919117E-1
5.543600E0	6.915997E-1
5.560300E0	6.911962E-1
5.577000E0	6.909938E-1
5.593700E0	6.907095E-1
5.610400E0	6.903534E-1
5.627100E0	6.901310E-1
5.643800E0	6.896706E-1
5.660500E0	6.893815E-1
5.677200E0	6.891237E-1
5.693900E0	6.887778E-1
5.710600E0	6.884835E-1
5.727300E0	6.881290E-1
5.744000E0	6.877972E-1
5.760700E0	6.874957E-1
5.777400E0	6.869642E-1
5.794100E0	6.866876E-1
5.810800E0	6.861700E-1
5.827500E0	6.858519E-1
5.844200E0	6.853437E-1
5.860900E0	6.850319E-1
5.877600E0	6.846690E-1
5.894300E0	6.843426E-1
5.911000E0	6.840303E-1
5.927600E0	6.834797E-1
5.944200E0	6.830831E-1
5.961000E0	6.826779E-1
5.977700E0	6.822403E-1
5.994400E0	6.817421E-1
6.011100E0	6.812865E-1
6.027800E0	6.808419E-1
6.044500E0	6.804246E-1
6.061200E0	6.799559E-1
6.077900E0	6.794624E-1
6.094600E0	6.790373E-1
6.111300E0	6.786162E-1
6.128000E0	6.781271E-1
6.144700E0	6.777501E-1
6.161400E0	6.772808E-1
6.178100E0	6.768786E-1
6.194800E0	6.763851E-1
6.211500E0	6.759630E-1
6.228200E0	6.754763E-1
6.244900E0	6.751730E-1
6.261600E0	6.745991E-1
6.278300E0	6.743725E-1
6.295000E0	6.738313E-1
6.311700E0	6.735357E-1
6.328400E0	6.730050E-1
6.345100E0	6.726623E-1
6.361800E0	6.722626E-1
6.378500E0	6.718899E-1
6.395200E0	6.715645E-1
6.411900E0	6.710853E-1
6.428600E0	6.692585E-1
6.445300E0	6.690260E-1
6.462000E0	6.687273E-1
6.478700E0	6.682567E-1
6.495400E0	6.679146E-1
6.512100E0	6.675940E-1
6.528800E0	6.673647E-1
6.545500E0	6.667792E-1
6.562200E0	6.663015E-1
6.578900E0	6.659977E-1
6.595600E0	6.657777E-1
6.612300E0	6.656060E-1
6.629000E0	6.649115E-1
6.645700E0	6.647052E-1
6.662300E0	6.641606E-1
6.678900E0	6.638482E-1
6.695700E0	6.635906E-1
6.712400E0	6.632571E-1
6.729100E0	6.629439E-1
6.745800E0	6.622231E-1
6.762500E0	6.620406E-1
6.779200E0	6.616931E-1
6.795900E0	6.612899E-1
6.812600E0	6.610024E-1
6.829300E0	6.604852E-1
6.846000E0	6.601319E-1
6.862700E0	6.597057E-1
6.879400E0	6.591500E-1
6.896100E0	6.586153E-1
6.912800E0	6.582154E-1
6.929500E0	6.577520E-1
6.946200E0	6.577359E-1
6.962900E0	6.570639E-1
6.979600E0	6.565891E-1
6.996300E0	6.561421E-1
7.013000E0	6.557132E-1
7.029700E0	6.550433E-1
7.046400E0	6.547142E-1
7.063100E0	6.544001E-1
7.079800E0	6.541631E-1
7.096500E0	6.534805E-1
7.113200E0	6.532295E-1
7.129900E0	6.525722E-1
7.146600E0	6.524236E-1
7.163300E0	6.515845E-1
7.180000E0	6.515518E-1
7.196700E0	6.508912E-1
7.213400E0	6.506662E-1
7.230100E0	6.499581E-1
7.246800E0	6.497203E-1
7.263500E0	6.489803E-1
7.280200E0	6.489014E-1
7.296900E0	6.481096E-1
7.313600E0	6.479599E-1
7.330300E0	6.473096E-1
7.347000E0	6.471159E-1
7.363700E0	6.464070E-1
7.380400E0	6.463185E-1
7.397000E0	6.457189E-1
7.413600E0	6.454192E-1
7.430400E0	6.448043E-1
7.447100E0	6.445490E-1
7.463800E0	6.444486E-1
7.480500E0	6.438613E-1
7.497200E0	6.436863E-1
7.513900E0	6.429311E-1
7.530600E0	6.428042E-1
7.547300E0	6.423563E-1
7.564000E0	6.420125E-1
7.580700E0	6.414282E-1
7.597400E0	6.411752E-1
7.614100E0	6.409008E-1
7.630800E0	6.404282E-1
7.647500E0	6.402033E-1
7.664200E0	6.395120E-1
7.680900E0	6.392934E-1
7.697600E0	6.389478E-1
7.714300E0	6.385173E-1
7.731000E0	6.381182E-1
7.747700E0	6.376381E-1
7.764400E0	6.373788E-1
7.781100E0	6.369742E-1
7.797800E0	6.367516E-1
7.814500E0	6.360229E-1
7.831200E0	6.357515E-1
7.847900E0	6.353407E-1
7.864600E0	6.349721E-1
7.881300E0	6.347575E-1
7.898000E0	6.341103E-1
7.914700E0	6.339602E-1
7.931400E0	6.333123E-1
7.948100E0	6.331294E-1
7.964800E0	6.324420E-1
7.981500E0	6.322097E-1
7.998200E0	6.315343E-1
8.014900E0	6.312934E-1
8.031600E0	6.306502E-1
8.048300E0	6.304252E-1
8.065000E0	6.298391E-1
8.081700E0	6.296198E-1
8.098400E0	6.288905E-1
8.115100E0	6.286987E-1
8.131700E0	6.280172E-1
8.148300E0	6.278374E-1
8.165100E0	6.270996E-1
8.181800E0	6.269069E-1
8.198500E0	6.262649E-1
8.215200E0	6.260322E-1
8.231900E0	6.253511E-1
8.248600E0	6.251635E-1
8.265300E0	6.244632E-1
8.282000E0	6.242532E-1
8.298700E0	6.235424E-1
8.315400E0	6.233898E-1
8.332100E0	6.227411E-1
8.348800E0	6.224803E-1
8.365500E0	6.218199E-1
8.382200E0	6.215865E-1
8.398900E0	6.209589E-1
8.415600E0	6.207701E-1
8.432300E0	6.200869E-1
8.449000E0	6.198003E-1
8.465700E0	6.192922E-1
8.482400E0	6.189972E-1
8.499100E0	6.183013E-1
8.515800E0	6.181238E-1
8.532500E0	6.175465E-1
8.549200E0	6.172137E-1
8.565900E0	6.165143E-1
8.582600E0	6.163766E-1
8.599300E0	6.159684E-1
8.616000E0	6.155646E-1
8.632700E0	6.149365E-1
8.649400E0	6.146553E-1
8.666100E0	6.143977E-1
8.682800E0	6.139215E-1
8.699500E0	6.135456E-1
8.716200E0	6.129794E-1
8.732900E0	6.128211E-1
8.749600E0	6.123080E-1
8.766300E0	6.119575E-1
8.783000E0	6.112721E-1
8.799700E0	6.111279E-1
8.816400E0	6.107716E-1
8.833100E0	6.103264E-1
8.849800E0	6.097519E-1
8.866400E0	6.093606E-1
8.883000E0	6.091262E-1
8.899800E0	6.086002E-1
8.916500E0	6.081782E-1
8.933200E0	6.076943E-1
8.949900E0	6.073891E-1
8.966600E0	6.069032E-1
8.983300E0	6.065081E-1
9.000000E0	6.057986E-1
9.016700E0	6.056031E-1
9.033400E0	6.050393E-1
9.050100E0	6.047276E-1
9.066800E0	6.041110E-1
9.083500E0	6.037813E-1
9.100200E0	6.032237E-1
9.116900E0	6.029526E-1
9.133600E0	6.024011E-1
9.150300E0	6.021127E-1
9.167000E0	6.013029E-1
9.183700E0	6.010040E-1
9.200400E0	6.005146E-1
9.217100E0	6.002236E-1
9.233800E0	5.997289E-1
9.250500E0	5.992113E-1
9.267200E0	5.986903E-1
9.283900E0	5.984163E-1
9.300600E0	5.979949E-1
9.317300E0	5.975829E-1
9.334000E0	5.969678E-1
9.350700E0	5.966129E-1
9.367400E0	5.961182E-1
9.384100E0	5.956187E-1
9.400800E0	5.952918E-1
9.417500E0	5.947803E-1
9.434200E0	5.944004E-1
9.450900E0	5.939426E-1
9.467600E0	5.935425E-1
9.484300E0	5.931244E-1
9.501000E0	5.926955E-1
9.517700E0	5.921985E-1
9.534400E0	5.917598E-1
9.551100E0	5.913634E-1
9.567800E0	5.909166E-1
9.584500E0	5.903806E-1
9.601100E0	5.899643E-1
9.617700E0	5.897074E-1
9.634500E0	5.891346E-1
9.651200E0	5.886377E-1
9.667900E0	5.882186E-1
9.684600E0	5.879515E-1
9.701300E0	5.874783E-1
9.718000E0	5.869952E-1
9.734700E0	5.865307E-1
9.751400E0	5.861798E-1
9.768100E0	5.856178E-1
9.784800E0	5.852003E-1
9.801500E0	5.846819E-1
9.818200E0	5.843729E-1
9.834900E0	5.839140E-1
9.851600E0	5.835011E-1
9.868300E0	5.829836E-1
9.885000E0	5.826870E-1
9.901700E0	5.820634E-1
9.918400E0	5.818531E-1
9.935100E0	5.811938E-1
9.951800E0	5.809272E-1
9.968500E0	5.804965E-1
9.985200E0	5.801207E-1
1.000190E1	5.794470E-1
1.001860E1	5.792128E-1
1.003530E1	5.787037E-1
1.005200E1	5.782681E-1
1.006870E1	5.777632E-1
1.008540E1	5.774330E-1
1.010210E1	5.768495E-1
1.011880E1	5.764823E-1
1.013550E1	5.759607E-1
1.015220E1	5.756262E-1
1.016890E1	5.751307E-1
1.018560E1	5.746828E-1
1.020230E1	5.742159E-1
1.021900E1	5.738920E-1
1.023570E1	5.734386E-1
1.025240E1	5.730290E-1
1.026910E1	5.723881E-1
1.028580E1	5.720434E-1
1.030250E1	5.714965E-1
1.031920E1	5.712446E-1
1.033580E1	5.705984E-1
1.035240E1	5.702652E-1
1.036920E1	5.697504E-1
1.038590E1	5.694053E-1
1.040260E1	5.687961E-1
1.041930E1	5.685426E-1
1.043600E1	5.679613E-1
1.045270E1	5.675734E-1
1.046940E1	5.671471E-1
1.048610E1	5.667271E-1
1.050280E1	5.661778E-1
1.051950E1	5.658542E-1
1.053620E1	5.652927E-1
1.055290E1	5.649459E-1
1.056960E1	5.643448E-1
1.058630E1	5.640305E-1
1.060300E1	5.635496E-1
1.061970E1	5.632893E-1
1.063640E1	5.626836E-1
1.065310E1	5.622364E-1
1.066980E1	5.617381E-1
1.068650E1	5.614459E-1
1.070320E1	5.609127E-1
1.071990E1	5.605413E-1
1.073660E1	5.599565E-1
1.075330E1	5.596874E-1
1.077000E1	5.591409E-1
1.078670E1	5.587298E-1
1.080340E1	5.582520E-1
1.082010E1	5.579104E-1
1.083680E1	5.573325E-1
1.085350E1	5.568880E-1
1.087020E1	5.565547E-1
1.088690E1	5.560264E-1
1.090360E1	5.556384E-1
1.092030E1	5.555566E-1
1.093700E1	5.552936E-1
1.095370E1	5.546797E-1
1.097040E1	5.543167E-1
1.098710E1	5.537104E-1
1.100380E1	5.534058E-1
1.102050E1	5.529078E-1
1.103720E1	5.523999E-1
1.105390E1	5.519579E-1
1.107060E1	5.516686E-1
1.108720E1	5.510629E-1
1.110380E1	5.507693E-1
1.112060E1	5.501946E-1
1.113730E1	5.499201E-1
1.115400E1	5.493245E-1
1.117070E1	5.488645E-1
1.118740E1	5.484271E-1
1.120410E1	5.481975E-1
1.122080E1	5.475644E-1
1.123750E1	5.472398E-1
1.125420E1	5.466533E-1
1.127090E1	5.463933E-1
1.128760E1	5.458112E-1
1.130430E1	5.453831E-1
1.132100E1	5.448940E-1
1.133770E1	5.445667E-1
1.135440E1	5.440269E-1
1.137110E1	5.435723E-1
1.138780E1	5.431309E-1
1.140450E1	5.427975E-1
1.142120E1	5.422376E-1
1.143790E1	5.417926E-1
1.145460E1	5.413757E-1
1.147130E1	5.409340E-1
1.148800E1	5.404594E-1
1.150470E1	5.399391E-1
1.152140E1	5.396099E-1
1.153810E1	5.390044E-1
1.155480E1	5.386611E-1
1.157150E1	5.380143E-1
1.158820E1	5.377340E-1
1.160490E1	5.371450E-1
1.162160E1	5.367333E-1
1.163830E1	5.361502E-1
1.165500E1	5.357258E-1
1.167170E1	5.351991E-1
1.168840E1	5.346787E-1
1.170510E1	5.343243E-1
1.172180E1	5.337385E-1
1.173850E1	5.333960E-1
1.175520E1	5.327205E-1
1.177190E1	5.324652E-1
1.178860E1	5.317896E-1
1.180530E1	5.314254E-1
1.182190E1	5.308379E-1
1.183850E1	5.304222E-1
1.185530E1	5.298967E-1
1.187200E1	5.293670E-1
1.188870E1	5.289931E-1
1.190540E1	5.284261E-1
1.192210E1	5.281134E-1
1.193880E1	5.274476E-1
1.195550E1	5.271675E-1
1.197220E1	5.265329E-1
1.198890E1	5.262470E-1
1.200560E1	5.255908E-1
1.202230E1	5.252210E-1
1.203900E1	5.246239E-1
1.205570E1	5.242952E-1
1.207240E1	5.236929E-1
1.208910E1	5.233144E-1
1.210580E1	5.228509E-1
1.212250E1	5.224122E-1
1.213920E1	5.220104E-1
1.215590E1	5.215137E-1
1.217260E1	5.210805E-1
1.218930E1	5.206173E-1
1.220600E1	5.202256E-1
1.222270E1	5.196466E-1
1.223940E1	5.192241E-1
1.225610E1	5.186964E-1
1.227280E1	5.182602E-1
1.228950E1	5.177257E-1
1.230620E1	5.173085E-1
1.232290E1	5.167991E-1
1.233960E1	5.163630E-1
1.235630E1	5.158819E-1
1.237300E1	5.154915E-1
1.238970E1	5.149966E-1
1.240640E1	5.145473E-1
1.242310E1	5.140631E-1
1.243980E1	5.136329E-1
1.245650E1	5.132014E-1
1.247320E1	5.126428E-1
1.248990E1	5.123193E-1
1.250660E1	5.118962E-1
1.252330E1	5.114654E-1
1.254000E1	5.109337E-1
1.255660E1	5.105606E-1
1.257320E1	5.099546E-1
1.259000E1	5.096281E-1
1.260670E1	5.090297E-1
1.262340E1	5.086378E-1
1.264010E1	5.080595E-1
1.265680E1	5.075841E-1
1.267350E1	5.070963E-1
1.269020E1	5.066744E-1
1.270690E1	5.061954E-1
1.272360E1	5.056149E-1
1.274030E1	5.052919E-1
1.275700E1	5.047414E-1
1.277370E1	5.043870E-1
1.279040E1	5.038271E-1
1.280710E1	5.033611E-1
1.282380E1	5.027985E-1
1.284050E1	5.023609E-1
1.285720E1	5.018385E-1
1.287390E1	5.013046E-1
1.289060E1	5.009216E-1
1.290730E1	5.003842E-1
1.292400E1	4.999725E-1
1.294070E1	4.993874E-1
1.295740E1	4.990685E-1
1.297410E1	4.984523E-1
1.299080E1	4.980089E-1
1.300750E1	4.974610E-1
1.302420E1	4.969610E-1
1.304090E1	4.964965E-1
1.305760E1	4.959552E-1
1.307430E1	4.956308E-1
1.309100E1	4.950730E-1
1.310770E1	4.946891E-1
1.312440E1	4.940672E-1
1.314110E1	4.937107E-1
1.315780E1	4.931492E-1
1.317450E1	4.926695E-1
1.319120E1	4.921816E-1
1.320790E1	4.916489E-1
1.322460E1	4.912666E-1
1.324130E1	4.906041E-1
1.325800E1	4.903025E-1
1.327470E1	4.896285E-1
1.329130E1	4.893188E-1
1.330790E1	4.886937E-1
1.332470E1	4.883180E-1
1.334140E1	4.877610E-1
1.335810E1	4.872280E-1
1.337480E1	4.868386E-1
1.339150E1	4.862940E-1
1.340820E1	4.859522E-1
1.342490E1	4.852541E-1
1.344160E1	4.850080E-1
1.345830E1	4.843369E-1
1.347500E1	4.840381E-1
1.349170E1	4.834045E-1
1.350840E1	4.831631E-1
1.352510E1	4.825379E-1
1.354180E1	4.820374E-1
1.355850E1	4.816040E-1
1.357520E1	4.810229E-1
1.359190E1	4.806767E-1
1.360860E1	4.799653E-1
1.362530E1	4.797040E-1
1.364200E1	4.790455E-1
1.365870E1	4.787531E-1
1.367540E1	4.781208E-1
1.369210E1	4.778153E-1
1.370880E1	4.771627E-1
1.372550E1	4.765399E-1
1.374220E1	4.762731E-1
1.375890E1	4.757542E-1
1.377560E1	4.753911E-1
1.379230E1	4.747471E-1
1.380900E1	4.743827E-1
1.382570E1	4.737511E-1
1.384240E1	4.733759E-1
1.385910E1	4.728033E-1
1.387580E1	4.723610E-1
1.389250E1	4.719000E-1
1.390920E1	4.712588E-1
1.392590E1	4.709780E-1
1.394260E1	4.702837E-1
1.395930E1	4.700294E-1
1.397600E1	4.693795E-1
1.399270E1	4.690491E-1
1.400940E1	4.683898E-1
1.402600E1	4.678925E-1
1.404260E1	4.674837E-1
1.405940E1	4.669975E-1
1.407610E1	4.665614E-1
1.409280E1	4.658921E-1
1.410950E1	4.656256E-1
1.412620E1	4.649697E-1
1.414290E1	4.646017E-1
1.415960E1	4.639848E-1
1.417630E1	4.636155E-1
1.419300E1	4.630281E-1
1.420970E1	4.625873E-1
1.422640E1	4.621736E-1
1.424310E1	4.615353E-1
1.425980E1	4.612298E-1
1.427650E1	4.605219E-1
1.429320E1	4.602490E-1
1.430990E1	4.596176E-1
1.432660E1	4.591918E-1
1.434330E1	4.586932E-1
1.436000E1	4.581909E-1
1.437670E1	4.577863E-1
1.439340E1	4.571859E-1
1.441010E1	4.569162E-1
1.442680E1	4.562059E-1
1.444350E1	4.558291E-1
1.446020E1	4.552191E-1
1.447690E1	4.548554E-1
1.449360E1	4.542458E-1
1.451030E1	4.537154E-1
1.452700E1	4.533565E-1
1.454370E1	4.527724E-1
1.456040E1	4.524790E-1
1.457710E1	4.517701E-1
1.459380E1	4.514972E-1
1.461050E1	4.508757E-1
1.462720E1	4.506040E-1
1.464390E1	4.499380E-1
1.466060E1	4.495469E-1
1.467730E1	4.490201E-1
1.469400E1	4.485034E-1
1.471070E1	4.480976E-1
1.472740E1	4.474404E-1
1.474410E1	4.471499E-1
1.476080E1	4.464858E-1
1.477740E1	4.461157E-1
1.479400E1	4.455015E-1
1.481080E1	4.449631E-1
1.482750E1	4.445922E-1
1.484420E1	4.440051E-1
1.486090E1	4.436609E-1
1.487760E1	4.429942E-1
1.489430E1	4.427133E-1
1.491100E1	4.420224E-1
1.492770E1	4.416393E-1
1.494440E1	4.410913E-1
1.496110E1	4.405992E-1
1.497780E1	4.401369E-1
1.499450E1	4.394683E-1
1.501120E1	4.391629E-1
1.502790E1	4.385237E-1
1.504460E1	4.382007E-1
1.506130E1	4.375283E-1
1.507800E1	4.370269E-1
1.509470E1	4.366452E-1
1.511140E1	4.360589E-1
1.512810E1	4.357379E-1
1.514480E1	4.350498E-1
1.516150E1	4.346658E-1
1.517820E1	4.340723E-1
1.519490E1	4.335807E-1
1.521160E1	4.330888E-1
1.522830E1	4.325588E-1
1.524500E1	4.322031E-1
1.526170E1	4.315264E-1
1.527840E1	4.311200E-1
1.529510E1	4.305720E-1
1.531180E1	4.300556E-1
1.532850E1	4.295837E-1
1.534520E1	4.290388E-1
1.536190E1	4.287122E-1
1.537860E1	4.280378E-1
1.539530E1	4.276251E-1
1.541200E1	4.270190E-1
1.542870E1	4.265746E-1
1.544540E1	4.260981E-1
1.546210E1	4.255561E-1
1.547880E1	4.251521E-1
1.549550E1	4.245381E-1
1.551210E1	4.241952E-1
1.552870E1	4.235416E-1
1.554550E1	4.232126E-1
1.556220E1	4.225882E-1
1.557890E1	4.221018E-1
1.559560E1	4.216630E-1
1.561230E1	4.211169E-1
1.562900E1	4.207445E-1
1.564570E1	4.201053E-1
1.566240E1	4.197916E-1
1.567910E1	4.191689E-1
1.569580E1	4.187478E-1
1.571250E1	4.181995E-1
1.572920E1	4.177480E-1
1.574590E1	4.172845E-1
1.576260E1	4.166901E-1
1.577930E1	4.163849E-1
1.579600E1	4.156947E-1
1.581270E1	4.153792E-1
1.582940E1	4.147637E-1
1.584610E1	4.144512E-1
1.586280E1	4.137925E-1
1.587950E1	4.132322E-1
1.589620E1	4.128727E-1
1.591290E1	4.123426E-1
1.592960E1	4.119933E-1
1.594630E1	4.113276E-1
1.596300E1	4.110414E-1
1.597970E1	4.103767E-1
1.599640E1	4.100016E-1
1.601310E1	4.094185E-1
1.602980E1	4.089144E-1
1.604650E1	4.084827E-1
1.606320E1	4.078229E-1
1.607990E1	4.075126E-1
1.609660E1	4.068621E-1
1.611330E1	4.064446E-1
1.613000E1	4.058467E-1
1.614670E1	4.054016E-1
1.616340E1	4.049459E-1
1.618010E1	4.042975E-1
1.619680E1	4.039994E-1
1.621350E1	4.033426E-1
1.623020E1	4.029764E-1
1.624680E1	4.022926E-1
1.626340E1	4.019358E-1
1.628020E1	4.013666E-1
1.629690E1	4.008273E-1
1.631360E1	4.005064E-1
1.633030E1	3.997941E-1
1.634700E1	3.994653E-1
1.636370E1	3.988194E-1
1.638040E1	3.983533E-1
1.639710E1	3.978816E-1
1.641380E1	3.972404E-1
1.643050E1	3.969008E-1
1.644720E1	3.962556E-1
1.646390E1	3.959219E-1
1.648060E1	3.952836E-1
1.649730E1	3.948024E-1
1.651400E1	3.943506E-1
1.653070E1	3.936276E-1
1.654740E1	3.933610E-1
1.656410E1	3.927059E-1
1.658080E1	3.923017E-1
1.659750E1	3.917666E-1
1.661420E1	3.912756E-1
1.663090E1	3.907926E-1
1.664760E1	3.901142E-1
1.666430E1	3.897936E-1
1.668100E1	3.891324E-1
1.669770E1	3.886304E-1
1.671440E1	3.881878E-1
1.673110E1	3.876004E-1
1.674780E1	3.872063E-1
1.676450E1	3.865664E-1
1.678120E1	3.861076E-1
1.679790E1	3.855762E-1
1.681460E1	3.850118E-1
1.683130E1	3.846319E-1
1.684800E1	3.840117E-1
1.686470E1	3.835575E-1
1.688140E1	3.829790E-1
1.689810E1	3.825365E-1
1.691480E1	3.820319E-1
1.693150E1	3.814483E-1
1.694820E1	3.811038E-1
1.696490E1	3.805323E-1
1.698150E1	3.801199E-1
1.699810E1	3.794956E-1
1.701490E1	3.790079E-1
1.703160E1	3.785217E-1
1.704830E1	3.778868E-1
1.706500E1	3.775339E-1
1.708170E1	3.769540E-1
1.709840E1	3.766421E-1
1.711510E1	3.759927E-1
1.713180E1	3.754916E-1
1.714850E1	3.750719E-1
1.718188E1	3.741347E-1
1.719858E1	3.734562E-1
1.721528E1	3.731388E-1
1.723198E1	3.724895E-1
1.724868E1	3.722359E-1
1.726538E1	3.716447E-1
1.728208E1	3.710595E-1
1.729878E1	3.706506E-1
1.731548E1	3.701165E-1
1.733218E1	3.697655E-1
1.734888E1	3.692624E-1
1.736558E1	3.688227E-1
1.738228E1	3.682074E-1
1.739898E1	3.677397E-1
1.741568E1	3.671101E-1
1.743238E1	3.667069E-1
1.744908E1	3.662678E-1
1.746578E1	3.656740E-1
1.748248E1	3.652950E-1
1.749918E1	3.648163E-1
1.751588E1	3.643926E-1
1.753258E1	3.637852E-1
1.754928E1	3.633962E-1
1.756598E1	3.628402E-1
1.758268E1	3.623556E-1
1.759938E1	3.618610E-1
1.761608E1	3.612947E-1
1.763278E1	3.608502E-1
1.764948E1	3.602305E-1
1.766618E1	3.599156E-1
1.768288E1	3.593277E-1
1.769958E1	3.588273E-1
1.771628E1	3.583304E-1
1.773298E1	3.577660E-1
1.774968E1	3.573602E-1
1.776638E1	3.567719E-1
1.778308E1	3.563743E-1
1.779978E1	3.557931E-1
1.781638E1	3.552076E-1
1.783298E1	3.547775E-1
1.784978E1	3.542921E-1
1.786648E1	3.538333E-1
1.788318E1	3.531360E-1
1.789988E1	3.527174E-1
1.791658E1	3.521724E-1
1.793328E1	3.514746E-1
1.794998E1	3.511226E-1
1.796668E1	3.504957E-1
1.798338E1	3.499986E-1
1.800008E1	3.494769E-1
1.801678E1	3.488852E-1
1.803348E1	3.485186E-1
1.805018E1	3.478885E-1
1.806688E1	3.473473E-1
1.808358E1	3.468749E-1
1.810028E1	3.463568E-1
1.811698E1	3.458157E-1
1.813368E1	3.452324E-1
1.815038E1	3.446224E-1
1.816708E1	3.442123E-1
1.818378E1	3.437533E-1
1.820048E1	3.431892E-1
1.821718E1	3.425885E-1
1.823388E1	3.420930E-1
1.825058E1	3.415445E-1
1.826728E1	3.408740E-1
1.828398E1	3.405009E-1
1.830068E1	3.399025E-1
1.831738E1	3.393096E-1
1.833408E1	3.388772E-1
1.835078E1	3.383128E-1
1.836748E1	3.378837E-1
1.838418E1	3.373416E-1
1.840088E1	3.368579E-1
1.841758E1	3.363367E-1
1.843428E1	3.355571E-1
1.845098E1	3.351300E-1
1.846768E1	3.345614E-1
1.848438E1	3.341430E-1
1.850108E1	3.335472E-1
1.851778E1	3.329043E-1
1.853448E1	3.324761E-1
1.855108E1	3.319531E-1
1.856768E1	3.312047E-1
1.858448E1	3.308277E-1
1.860118E1	3.302591E-1
1.861788E1	3.297480E-1
1.863458E1	3.292734E-1
1.865128E1	3.286955E-1
1.866798E1	3.282663E-1
1.868468E1	3.277590E-1
1.870138E1	3.272363E-1
1.871808E1	3.266788E-1
1.873478E1	3.263362E-1
1.875148E1	3.256684E-1
1.876818E1	3.252004E-1
1.878488E1	3.247819E-1
1.880158E1	3.241670E-1
1.881828E1	3.238015E-1
1.883498E1	3.231826E-1
1.885168E1	3.227851E-1
1.886838E1	3.222128E-1
1.888508E1	3.216063E-1
1.890178E1	3.213104E-1
1.891848E1	3.206772E-1
1.893518E1	3.202213E-1
1.895188E1	3.196284E-1
1.896858E1	3.192559E-1
1.898528E1	3.186713E-1
1.900198E1	3.181053E-1
1.901868E1	3.177279E-1
1.903538E1	3.171517E-1
1.905208E1	3.167743E-1
1.906878E1	3.161816E-1
1.908548E1	3.157102E-1
1.910218E1	3.152005E-1
1.911888E1	3.146325E-1
1.913558E1	3.142473E-1
1.915228E1	3.135534E-1
1.916898E1	3.132437E-1
1.918568E1	3.126280E-1
1.920228E1	3.122235E-1
1.921888E1	3.116098E-1
1.923568E1	3.110326E-1
1.925238E1	3.106843E-1
1.926908E1	3.100085E-1
1.928578E1	3.095476E-1
1.930248E1	3.090147E-1
1.931918E1	3.084629E-1
1.933588E1	3.080751E-1
1.935258E1	3.073708E-1
1.936928E1	3.069740E-1
1.938598E1	3.063569E-1
1.940268E1	3.058407E-1
1.941938E1	3.054165E-1
1.943608E1	3.047235E-1
1.945278E1	3.042553E-1
1.946948E1	3.037153E-1
1.948618E1	3.031461E-1
1.950288E1	3.027695E-1
1.951958E1	3.020767E-1
1.953628E1	3.016325E-1
1.955298E1	3.010640E-1
1.956968E1	3.003364E-1
1.958638E1	3.000442E-1
1.960308E1	2.993673E-1
1.961978E1	2.987287E-1
1.963648E1	2.984170E-1
1.965318E1	2.976691E-1
1.966988E1	2.971974E-1
1.968658E1	2.966879E-1
1.970328E1	2.959704E-1
1.971998E1	2.955231E-1
1.973668E1	2.949120E-1
1.975338E1	2.942875E-1
1.977008E1	2.938705E-1
1.978678E1	2.932510E-1
1.980348E1	2.927725E-1
1.982018E1	2.922419E-1
1.983688E1	2.915609E-1
1.985358E1	2.911524E-1
1.987028E1	2.904828E-1
1.988698E1	2.898479E-1
1.990368E1	2.894757E-1
1.992038E1	2.887894E-1
1.993698E1	2.883091E-1
1.995358E1	2.878504E-1
1.997038E1	2.871113E-1
1.998708E1	2.867060E-1
2.000378E1	2.860946E-1
2.002048E1	2.855387E-1
2.003718E1	2.851777E-1
2.005388E1	2.844454E-1
2.007058E1	2.840819E-1
2.008728E1	2.834902E-1
2.010398E1	2.828906E-1
2.012068E1	2.825350E-1
2.013738E1	2.818544E-1
2.015408E1	2.813374E-1
2.017078E1	2.808477E-1
2.018748E1	2.803533E-1
2.020418E1	2.799021E-1
2.022088E1	2.792113E-1
2.023758E1	2.789553E-1
2.025428E1	2.782721E-1
2.027098E1	2.778109E-1
2.028768E1	2.773261E-1
2.030438E1	2.767696E-1
2.032108E1	2.763649E-1
2.033778E1	2.757559E-1
2.035448E1	2.754491E-1
2.037118E1	2.747714E-1
2.038788E1	2.743494E-1
2.040458E1	2.738132E-1
2.042128E1	2.732751E-1
2.043798E1	2.728826E-1
2.045468E1	2.722285E-1
2.047138E1	2.719470E-1
2.048808E1	2.712581E-1
2.050478E1	2.708258E-1
2.052148E1	2.702852E-1
2.053818E1	2.699191E-1
2.055488E1	2.693579E-1
2.057158E1	2.688276E-1
2.058828E1	2.684842E-1
2.060498E1	2.678252E-1
2.062168E1	2.675136E-1
2.063838E1	2.668305E-1
2.065508E1	2.666253E-1
2.067168E1	2.659405E-1
2.068828E1	2.655269E-1
2.070508E1	2.649958E-1
2.072178E1	2.644593E-1
2.073848E1	2.640914E-1
2.075518E1	2.634500E-1
2.077188E1	2.631211E-1
2.078858E1	2.624234E-1
2.080528E1	2.620086E-1
2.082198E1	2.614407E-1
2.083868E1	2.608658E-1
2.085538E1	2.605175E-1
2.087208E1	2.598587E-1
2.088878E1	2.595640E-1
2.090548E1	2.588917E-1
2.092218E1	2.583895E-1
2.093888E1	2.579116E-1
2.095558E1	2.572157E-1
2.097228E1	2.569172E-1
2.098898E1	2.562505E-1
2.100568E1	2.557621E-1
2.102238E1	2.552464E-1
2.103908E1	2.545874E-1
2.105578E1	2.541857E-1
2.107248E1	2.535493E-1
2.108918E1	2.529520E-1
2.110588E1	2.525498E-1
2.112258E1	2.518727E-1
2.113928E1	2.513855E-1
2.115598E1	2.508586E-1
2.117268E1	2.501885E-1
2.118938E1	2.497210E-1
2.120608E1	2.490677E-1
2.122278E1	2.484556E-1
2.123948E1	2.480566E-1
2.125618E1	2.473745E-1
2.127288E1	2.468978E-1
2.128958E1	2.463827E-1
2.130628E1	2.456955E-1
2.132298E1	2.453181E-1
2.133968E1	2.446750E-1
2.135638E1	2.439868E-1
2.137308E1	2.436045E-1
2.138978E1	2.429555E-1
2.140648E1	2.422639E-1
2.142308E1	2.418030E-1
2.143968E1	2.411410E-1
2.145648E1	2.405209E-1
2.147318E1	2.400962E-1
2.148988E1	2.394116E-1
2.150658E1	2.388829E-1
2.152328E1	2.383939E-1
2.153998E1	2.378440E-1
2.155668E1	2.372133E-1
2.157338E1	2.367360E-1
2.159008E1	2.361736E-1
2.160678E1	2.356560E-1
2.162348E1	2.350471E-1
2.164018E1	2.345256E-1
2.165688E1	2.340510E-1
2.167358E1	2.334320E-1
2.169028E1	2.330366E-1
2.170698E1	2.323643E-1
2.172368E1	2.317246E-1
2.174038E1	2.312684E-1
2.175708E1	2.306421E-1
2.177378E1	2.301489E-1
2.179048E1	2.297083E-1
2.180718E1	2.290947E-1
2.182388E1	2.287341E-1
2.184058E1	2.280824E-1
2.185728E1	2.276134E-1
2.187398E1	2.270556E-1
2.189068E1	2.265458E-1
2.190738E1	2.261120E-1
2.192408E1	2.255875E-1
2.194078E1	2.251112E-1
2.195748E1	2.244727E-1
2.197418E1	2.241513E-1
2.199088E1	2.235527E-1
2.200758E1	2.230511E-1
2.202428E1	2.226038E-1
2.204098E1	2.221086E-1
2.205768E1	2.217119E-1
2.207438E1	2.212302E-1
2.209108E1	2.207838E-1
2.210778E1	2.203149E-1
2.212448E1	2.198286E-1
2.214118E1	2.192296E-1
2.215778E1	2.188202E-1
2.217438E1	2.182929E-1
2.219118E1	2.178178E-1
2.220788E1	2.173783E-1
2.222458E1	2.169356E-1
2.224128E1	2.164782E-1
2.225798E1	2.160425E-1
2.227468E1	2.156227E-1
2.229138E1	2.150754E-1
2.230808E1	2.146339E-1
2.232478E1	2.140881E-1
2.234148E1	2.136155E-1
2.235818E1	2.130299E-1
2.237488E1	2.125589E-1
2.239158E1	2.121144E-1
2.240828E1	2.116113E-1
2.242498E1	2.112003E-1
2.244168E1	2.106836E-1
2.245838E1	2.103488E-1
2.247508E1	2.097141E-1
2.249178E1	2.093060E-1
2.250848E1	2.086715E-1
2.252518E1	2.081853E-1
2.254188E1	2.074668E-1
2.255858E1	2.069063E-1
2.257528E1	2.064685E-1
2.259198E1	2.059913E-1
2.260868E1	2.053122E-1
2.262538E1	2.048744E-1
2.264208E1	2.041792E-1
2.265878E1	2.035153E-1
2.267548E1	2.031984E-1
2.269218E1	2.025190E-1
2.270888E1	2.020154E-1
2.272558E1	2.015048E-1
2.274228E1	2.009694E-1
2.275898E1	2.003690E-1
2.277568E1	1.998414E-1
2.279238E1	1.992099E-1
2.280908E1	1.988205E-1
2.282578E1	1.981587E-1
2.284248E1	1.977010E-1
2.285918E1	1.970437E-1
2.287588E1	1.964389E-1
2.289248E1	1.959380E-1
2.290908E1	1.953498E-1
2.292588E1	1.946793E-1
2.294258E1	1.942203E-1
2.295928E1	1.935663E-1
2.297598E1	1.928833E-1
2.299268E1	1.924222E-1
2.300938E1	1.917701E-1
2.302608E1	1.912245E-1
2.304278E1	1.906534E-1
2.305948E1	1.900512E-1
2.307618E1	1.893671E-1
2.309288E1	1.889490E-1
2.310958E1	1.883264E-1
2.312628E1	1.876156E-1
2.314298E1	1.871402E-1
2.315968E1	1.865347E-1
2.317638E1	1.858983E-1
2.319308E1	1.853876E-1
2.320978E1	1.847924E-1
2.322648E1	1.842514E-1
2.324318E1	1.837851E-1
2.325988E1	1.831637E-1
2.327658E1	1.825268E-1
2.329328E1	1.820622E-1
2.330998E1	1.814299E-1
2.332668E1	1.808479E-1
2.334338E1	1.803602E-1
2.336008E1	1.797153E-1
2.337678E1	1.791464E-1
2.339348E1	1.786712E-1
