
0.000000E0	8.253388E-1
1.670000E-2	8.251317E-1
3.340000E-2	8.249968E-1
5.010000E-2	8.246761E-1
6.680000E-2	8.243762E-1
8.350000E-2	8.242559E-1
1.002000E-1	8.240708E-1
1.169000E-1	8.236682E-1
1.336000E-1	8.233899E-1
1.503000E-1	8.232216E-1
1.670000E-1	8.229330E-1
1.837000E-1	8.226530E-1
2.004000E-1	8.224062E-1
2.171000E-1	8.221305E-1
2.338000E-1	8.218295E-1
2.504000E-1	8.216393E-1
2.670000E-1	8.214614E-1
2.838000E-1	8.212174E-1
3.005000E-1	8.209456E-1
3.172000E-1	8.206811E-1
3.339000E-1	8.205149E-1
3.506000E-1	8.203009E-1
3.673000E-1	8.200060E-1
3.840000E-1	8.197990E-1
4.007000E-1	8.196138E-1
4.174000E-1	8.193184E-1
4.341000E-1	8.189337E-1
4.508000E-1	8.188535E-1
4.675000E-1	8.186341E-1
4.842000E-1	8.184707E-1
5.009000E-1	8.181809E-1
5.176000E-1	8.179688E-1
5.343000E-1	8.177136E-1
5.510000E-1	8.175376E-1
5.677000E-1	8.172079E-1
5.844000E-1	8.170049E-1
6.011000E-1	8.167299E-1
6.178000E-1	8.165800E-1
6.345000E-1	8.162585E-1
6.512000E-1	8.160461E-1
6.679000E-1	8.158210E-1
6.846000E-1	8.156127E-1
7.013000E-1	8.152210E-1
7.180000E-1	8.149718E-1
7.347000E-1	8.148232E-1
7.514000E-1	8.145218E-1
7.681000E-1	8.143344E-1
7.848000E-1	8.140416E-1
8.015000E-1	8.138342E-1
8.182000E-1	8.135815E-1
8.349000E-1	8.133648E-1
8.516000E-1	8.131549E-1
8.683000E-1	8.128880E-1
8.850000E-1	8.125626E-1
9.017000E-1	8.123858E-1
9.184000E-1	8.121440E-1
9.351000E-1	8.118368E-1
9.518000E-1	8.115259E-1
9.685000E-1	8.112221E-1
9.851000E-1	8.109396E-1
1.001700E0	8.107511E-1
1.018500E0	8.104186E-1
1.035200E0	8.100800E-1
1.051900E0	8.099139E-1
1.068600E0	8.094912E-1
1.085300E0	8.091805E-1
1.102000E0	8.089969E-1
1.118700E0	8.087325E-1
1.135400E0	8.084835E-1
1.152100E0	8.081646E-1
1.168800E0	8.078531E-1
1.185500E0	8.075224E-1
1.202200E0	8.072270E-1
1.218900E0	8.070264E-1
1.235600E0	8.067677E-1
1.252300E0	8.065081E-1
1.269000E0	8.062735E-1
1.285700E0	8.060465E-1
1.302400E0	8.058158E-1
1.319100E0	8.056505E-1
1.335800E0	8.053145E-1
1.352500E0	8.050308E-1
1.369200E0	8.047312E-1
1.385900E0	8.045024E-1
1.402600E0	8.043496E-1
1.419300E0	8.041222E-1
1.436000E0	8.038286E-1
1.452700E0	8.036334E-1
1.469400E0	8.033336E-1
1.486100E0	8.030116E-1
1.502800E0	8.028474E-1
1.519500E0	8.025729E-1
1.536200E0	8.023263E-1
1.552900E0	8.020476E-1
1.569600E0	8.017810E-1
1.586300E0	8.015214E-1
1.603000E0	8.012934E-1
1.619700E0	8.010447E-1
1.636400E0	8.007566E-1
1.653100E0	8.004641E-1
1.669800E0	8.002588E-1
1.686500E0	7.999371E-1
1.703200E0	7.995688E-1
1.719800E0	7.993229E-1
1.736400E0	7.990069E-1
1.753200E0	7.987395E-1
1.769900E0	7.984360E-1
1.786600E0	7.981363E-1
1.803300E0	7.978895E-1
1.820000E0	7.975276E-1
1.836700E0	7.972863E-1
1.853400E0	7.969641E-1
1.870100E0	7.965689E-1
1.886800E0	7.963484E-1
1.903500E0	7.960775E-1
1.920200E0	7.957512E-1
1.936900E0	7.954752E-1
1.953600E0	7.951363E-1
1.970300E0	7.948316E-1
1.987000E0	7.945356E-1
2.003700E0	7.941717E-1
2.020400E0	7.939415E-1
2.037100E0	7.936732E-1
2.053800E0	7.933705E-1
2.070500E0	7.930953E-1
2.087200E0	7.927963E-1
2.103900E0	7.925583E-1
2.120600E0	7.922156E-1
2.137300E0	7.918956E-1
2.154000E0	7.916842E-1
2.170700E0	7.914109E-1
2.187400E0	7.909997E-1
2.204100E0	7.908557E-1
2.220800E0	7.905145E-1
2.237500E0	7.902904E-1
2.254200E0	7.900569E-1
2.270900E0	7.898621E-1
2.287600E0	7.894825E-1
2.304300E0	7.892221E-1
2.321000E0	7.890618E-1
2.337700E0	7.887255E-1
2.354400E0	7.884821E-1
2.371100E0	7.883048E-1
2.387800E0	7.879995E-1
2.404500E0	7.877072E-1
2.421200E0	7.874952E-1
2.437900E0	7.872249E-1
2.454500E0	7.869074E-1
2.471100E0	7.865870E-1
2.487900E0	7.863700E-1
2.504600E0	7.860820E-1
2.521300E0	7.857533E-1
2.538000E0	7.856224E-1
2.554700E0	7.853172E-1
2.571400E0	7.850001E-1
2.588100E0	7.847847E-1
2.604800E0	7.845314E-1
2.621500E0	7.841635E-1
2.638200E0	7.839441E-1
2.654900E0	7.835787E-1
2.671600E0	7.832299E-1
2.688300E0	7.830349E-1
2.705000E0	7.827901E-1
2.721700E0	7.824068E-1
2.738400E0	7.821623E-1
2.755100E0	7.817196E-1
2.771800E0	7.814271E-1
2.788500E0	7.812540E-1
2.805200E0	7.809648E-1
2.821900E0	7.805787E-1
2.838600E0	7.803154E-1
2.855300E0	7.799994E-1
2.872000E0	7.797105E-1
2.888700E0	7.793363E-1
2.905400E0	7.789961E-1
2.922100E0	7.787398E-1
2.938800E0	7.784438E-1
2.955500E0	7.781092E-1
2.972200E0	7.778008E-1
2.988900E0	7.775058E-1
3.005600E0	7.771863E-1
3.022300E0	7.769610E-1
3.039000E0	7.765642E-1
3.055700E0	7.763711E-1
3.072400E0	7.760588E-1
3.089100E0	7.756916E-1
3.105800E0	7.754354E-1
3.122500E0	7.751391E-1
3.139200E0	7.748592E-1
3.155900E0	7.745562E-1
3.172600E0	7.743386E-1
3.189200E0	7.740445E-1
3.205800E0	7.736740E-1
3.222600E0	7.734115E-1
3.239300E0	7.730583E-1
3.256000E0	7.727800E-1
3.272700E0	7.724839E-1
3.289400E0	7.722984E-1
3.306100E0	7.719408E-1
3.322800E0	7.716509E-1
3.339500E0	7.713165E-1
3.356200E0	7.710720E-1
3.372900E0	7.708528E-1
3.389600E0	7.704644E-1
3.406300E0	7.701908E-1
3.423000E0	7.698778E-1
3.439700E0	7.695258E-1
3.456400E0	7.692923E-1
3.473100E0	7.690238E-1
3.489800E0	7.686734E-1
3.506500E0	7.683553E-1
3.523200E0	7.680887E-1
3.539900E0	7.677642E-1
3.556600E0	7.674611E-1
3.573300E0	7.670871E-1
3.590000E0	7.668931E-1
3.606700E0	7.665597E-1
3.623400E0	7.662628E-1
3.640100E0	7.659089E-1
3.656800E0	7.655633E-1
3.673500E0	7.652755E-1
3.690200E0	7.649064E-1
3.706900E0	7.646429E-1
3.723600E0	7.643143E-1
3.740300E0	7.640191E-1
3.757000E0	7.636799E-1
3.773700E0	7.633268E-1
3.790400E0	7.630295E-1
3.807100E0	7.627409E-1
3.823800E0	7.623530E-1
3.840500E0	7.621075E-1
3.857200E0	7.616640E-1
3.873900E0	7.614715E-1
3.890600E0	7.611070E-1
3.907300E0	7.608413E-1
3.923900E0	7.604271E-1
3.940500E0	7.601555E-1
3.957300E0	7.598022E-1
3.974000E0	7.595082E-1
3.990700E0	7.592148E-1
4.007400E0	7.588940E-1
4.024100E0	7.586366E-1
4.040800E0	7.581321E-1
4.057500E0	7.578766E-1
4.074200E0	7.576789E-1
4.090900E0	7.573030E-1
4.107600E0	7.570842E-1
4.124300E0	7.567178E-1
4.141000E0	7.563532E-1
4.157700E0	7.561041E-1
4.174400E0	7.557616E-1
4.191100E0	7.554971E-1
4.207800E0	7.552231E-1
4.224500E0	7.549311E-1
4.241200E0	7.545859E-1
4.257900E0	7.543382E-1
4.274600E0	7.539930E-1
4.291300E0	7.537261E-1
4.308000E0	7.533895E-1
4.324700E0	7.530610E-1
4.341400E0	7.528497E-1
4.358100E0	7.524509E-1
4.374800E0	7.522202E-1
4.391500E0	7.519870E-1
4.408200E0	7.516632E-1
4.424900E0	7.513300E-1
4.441600E0	7.510608E-1
4.458300E0	7.507217E-1
4.475000E0	7.503987E-1
4.491700E0	7.501967E-1
4.508400E0	7.498143E-1
4.525100E0	7.495856E-1
4.541800E0	7.492632E-1
4.558500E0	7.489333E-1
4.575200E0	7.486073E-1
4.591900E0	7.484178E-1
4.608600E0	7.481822E-1
4.625300E0	7.478345E-1
4.642000E0	7.473879E-1
4.658600E0	7.470511E-1
4.675200E0	7.467210E-1
4.692000E0	7.464420E-1
4.708700E0	7.461966E-1
4.725400E0	7.457782E-1
4.742100E0	7.454564E-1
4.758800E0	7.451470E-1
4.775500E0	7.448249E-1
4.792200E0	7.445521E-1
4.808900E0	7.441403E-1
4.825600E0	7.439029E-1
4.842300E0	7.436003E-1
4.859000E0	7.432067E-1
4.875700E0	7.430310E-1
4.892400E0	7.425856E-1
4.909100E0	7.422746E-1
4.925800E0	7.419497E-1
4.942500E0	7.416041E-1
4.959200E0	7.413497E-1
4.975900E0	7.410723E-1
4.992600E0	7.406534E-1
5.009300E0	7.403573E-1
5.026000E0	7.399262E-1
5.042700E0	7.396558E-1
5.059400E0	7.393264E-1
5.076100E0	7.390428E-1
5.092800E0	7.387719E-1
5.109500E0	7.385422E-1
5.126200E0	7.381472E-1
5.142900E0	7.377402E-1
5.159600E0	7.374755E-1
5.176300E0	7.372332E-1
5.193000E0	7.368863E-1
5.209700E0	7.366149E-1
5.226400E0	7.361750E-1
5.243100E0	7.359411E-1
5.259800E0	7.355566E-1
5.276500E0	7.352637E-1
5.293200E0	7.350896E-1
5.309900E0	7.347725E-1
5.326600E0	7.344613E-1
5.343300E0	7.341549E-1
5.360000E0	7.338289E-1
5.376700E0	7.335080E-1
5.393300E0	7.332091E-1
5.409900E0	7.328455E-1
5.426700E0	7.325668E-1
5.443400E0	7.323521E-1
5.460100E0	7.319944E-1
5.476800E0	7.316255E-1
5.493500E0	7.313044E-1
5.510200E0	7.310685E-1
5.526900E0	7.307159E-1
5.543600E0	7.303780E-1
5.560300E0	7.300983E-1
5.577000E0	7.297370E-1
5.593700E0	7.293975E-1
5.610400E0	7.291155E-1
5.627100E0	7.288686E-1
5.643800E0	7.285140E-1
5.660500E0	7.281742E-1
5.677200E0	7.279499E-1
5.693900E0	7.275583E-1
5.710600E0	7.272391E-1
5.727300E0	7.269483E-1
5.744000E0	7.266531E-1
5.760700E0	7.263065E-1
5.777400E0	7.259720E-1
5.794100E0	7.255313E-1
5.810800E0	7.251630E-1
5.827500E0	7.248877E-1
5.844200E0	7.245147E-1
5.860900E0	7.242727E-1
5.877600E0	7.237963E-1
5.894300E0	7.234884E-1
5.911000E0	7.231019E-1
5.927700E0	7.228338E-1
5.944400E0	7.224527E-1
5.961100E0	7.222388E-1
5.977800E0	7.218188E-1
5.994500E0	7.214925E-1
6.011200E0	7.213482E-1
6.027900E0	7.209013E-1
6.044600E0	7.205772E-1
6.061300E0	7.204848E-1
6.078000E0	7.204455E-1
6.094700E0	7.197090E-1
6.111400E0	7.196323E-1
6.128000E0	7.195791E-1
6.144600E0	7.187510E-1
6.161400E0	7.187912E-1
6.178100E0	7.179432E-1
6.194800E0	7.179250E-1
6.211500E0	7.178951E-1
6.228200E0	7.170191E-1
6.244900E0	7.169530E-1
6.261600E0	7.169660E-1
6.278300E0	7.161062E-1
6.295000E0	7.161032E-1
6.311700E0	7.160635E-1
6.328400E0	7.152642E-1
6.345100E0	7.152377E-1
6.361800E0	7.151876E-1
6.378500E0	7.143310E-1
6.395200E0	7.143266E-1
6.411900E0	7.134320E-1
6.428600E0	7.134850E-1
6.445300E0	7.134457E-1
6.462000E0	7.125295E-1
6.478700E0	7.125572E-1
6.495400E0	7.124991E-1
6.512100E0	7.116533E-1
6.528800E0	7.116026E-1
6.545500E0	7.108045E-1
6.562200E0	7.107485E-1
6.578900E0	7.107123E-1
6.595600E0	7.099347E-1
6.612300E0	7.098540E-1
6.629000E0	7.098828E-1
6.645700E0	7.089636E-1
6.662400E0	7.089987E-1
6.679100E0	7.081863E-1
6.695800E0	7.081200E-1
6.712500E0	7.080698E-1
6.729200E0	7.072415E-1
6.745900E0	7.071848E-1
6.762600E0	7.071330E-1
6.779300E0	7.063507E-1
6.796000E0	7.063555E-1
6.812700E0	7.054915E-1
6.829400E0	7.054532E-1
6.846000E0	7.054211E-1
6.862600E0	7.045751E-1
6.879400E0	7.045829E-1
6.896100E0	7.044394E-1
6.912800E0	7.037025E-1
6.929500E0	7.037032E-1
6.946200E0	7.028025E-1
6.962900E0	7.027830E-1
6.979600E0	7.027419E-1
6.996300E0	7.019326E-1
7.013000E0	7.018509E-1
7.029700E0	7.010354E-1
7.046400E0	7.011009E-1
7.063100E0	7.009221E-1
7.079800E0	7.001291E-1
7.096500E0	7.001052E-1
7.113200E0	6.992828E-1
7.129900E0	6.992767E-1
7.146600E0	6.992347E-1
7.163300E0	6.983882E-1
7.180000E0	6.983098E-1
7.196700E0	6.975549E-1
7.213400E0	6.974820E-1
7.230100E0	6.974557E-1
7.246800E0	6.965759E-1
7.263500E0	6.965500E-1
7.280200E0	6.957152E-1
7.296900E0	6.957246E-1
7.313600E0	6.956461E-1
7.330300E0	6.948375E-1
7.347000E0	6.947952E-1
7.363700E0	6.939939E-1
7.380400E0	6.939279E-1
7.397100E0	6.938975E-1
7.413800E0	6.930814E-1
7.430500E0	6.930098E-1
7.447200E0	6.929480E-1
7.463900E0	6.921671E-1
7.480600E0	6.921224E-1
7.497300E0	6.913752E-1
7.514000E0	6.912403E-1
7.530700E0	6.912579E-1
7.547400E0	6.903953E-1
7.564100E0	6.903426E-1
7.580700E0	6.902599E-1
7.597300E0	6.895412E-1
7.614100E0	6.894180E-1
7.630800E0	6.886680E-1
7.647500E0	6.885765E-1
7.664200E0	6.885838E-1
7.680900E0	6.877480E-1
7.697600E0	6.876815E-1
7.714300E0	6.876767E-1
7.731000E0	6.868039E-1
7.747700E0	6.867693E-1
7.764400E0	6.860405E-1
7.781100E0	6.859162E-1
7.797800E0	6.858824E-1
7.814500E0	6.850798E-1
7.831200E0	6.850175E-1
7.847900E0	6.849568E-1
7.864600E0	6.841799E-1
7.881300E0	6.841134E-1
7.898000E0	6.833608E-1
7.914700E0	6.832582E-1
7.931400E0	6.831888E-1
7.948100E0	6.824126E-1
7.964800E0	6.823595E-1
7.981500E0	6.816549E-1
7.998200E0	6.815072E-1
8.014900E0	6.814296E-1
8.031600E0	6.806591E-1
8.048300E0	6.805623E-1
8.065000E0	6.798828E-1
8.081700E0	6.797071E-1
8.098400E0	6.796846E-1
8.115100E0	6.789129E-1
8.131800E0	6.788193E-1
8.148500E0	6.781370E-1
8.165200E0	6.779540E-1
8.181900E0	6.779260E-1
8.198600E0	6.771438E-1
8.215300E0	6.770404E-1
8.232000E0	6.769562E-1
8.248700E0	6.761720E-1
8.265400E0	6.761279E-1
8.282100E0	6.753520E-1
8.298800E0	6.752769E-1
8.315400E0	6.752402E-1
8.332000E0	6.744208E-1
8.348800E0	6.743550E-1
8.365500E0	6.736508E-1
8.382200E0	6.735520E-1
8.398900E0	6.734849E-1
8.415600E0	6.726681E-1
8.432300E0	6.726362E-1
8.449000E0	6.718107E-1
8.465700E0	6.717275E-1
8.482400E0	6.716778E-1
8.499100E0	6.709390E-1
8.515800E0	6.708402E-1
8.532500E0	6.701634E-1
8.549200E0	6.699307E-1
8.565900E0	6.699109E-1
8.582600E0	6.691046E-1
8.599300E0	6.690803E-1
8.616000E0	6.683509E-1
8.632700E0	6.682906E-1
8.649400E0	6.681240E-1
8.666100E0	6.673431E-1
8.682800E0	6.672967E-1
8.699500E0	6.665162E-1
8.716200E0	6.663891E-1
8.732900E0	6.663407E-1
8.749600E0	6.655995E-1
8.766300E0	6.655505E-1
8.783000E0	6.647932E-1
8.799700E0	6.647169E-1
8.816400E0	6.645795E-1
8.833100E0	6.639430E-1
8.849800E0	6.637072E-1
8.866500E0	6.636141E-1
8.883200E0	6.629341E-1
8.899900E0	6.628409E-1
8.916600E0	6.636958E-1
8.933300E0	6.619765E-1
8.950000E0	6.628844E-1
8.966700E0	6.627530E-1
8.983400E0	6.621099E-1
9.000100E0	6.619327E-1
9.016800E0	6.614086E-1
9.033500E0	6.611871E-1
9.050100E0	6.610166E-1
9.066700E0	6.603575E-1
9.083500E0	6.601837E-1
9.100200E0	6.598386E-1
9.116900E0	6.594293E-1
9.133600E0	6.592188E-1
9.150300E0	6.585817E-1
9.167000E0	6.584012E-1
9.183700E0	6.580677E-1
9.200400E0	6.576234E-1
9.217100E0	6.574307E-1
9.233800E0	6.568408E-1
9.250500E0	6.566198E-1
9.267200E0	6.564733E-1
9.283900E0	6.558887E-1
9.300600E0	6.556879E-1
9.317300E0	6.551953E-1
9.334000E0	6.548886E-1
9.350700E0	6.546852E-1
9.367400E0	6.541394E-1
9.384100E0	6.538622E-1
9.400800E0	6.532722E-1
9.417500E0	6.530907E-1
9.434200E0	6.528942E-1
9.450900E0	6.522788E-1
9.467600E0	6.520868E-1
9.484300E0	6.515348E-1
9.501000E0	6.512766E-1
9.517700E0	6.511259E-1
9.534400E0	6.505169E-1
9.551100E0	6.502930E-1
9.567800E0	6.497707E-1
9.584500E0	6.495049E-1
9.601200E0	6.493736E-1
9.617900E0	6.488028E-1
9.634600E0	6.485577E-1
9.651300E0	6.481379E-1
9.668000E0	6.478563E-1
9.684700E0	6.475955E-1
9.701400E0	6.470588E-1
9.718100E0	6.468278E-1
9.734800E0	6.464238E-1
9.751500E0	6.461286E-1
9.768200E0	6.458675E-1
9.784800E0	6.453934E-1
9.801400E0	6.450761E-1
9.818200E0	6.449296E-1
9.834900E0	6.444592E-1
9.851600E0	6.441873E-1
9.868300E0	6.438052E-1
9.885000E0	6.434102E-1
9.901700E0	6.432250E-1
9.918400E0	6.427775E-1
9.935100E0	6.423998E-1
9.951800E0	6.422515E-1
9.968500E0	6.417429E-1
9.985200E0	6.414475E-1
1.000190E1	6.410153E-1
1.001860E1	6.407093E-1
1.003530E1	6.404925E-1
1.005200E1	6.400128E-1
1.006870E1	6.397316E-1
1.008540E1	6.394175E-1
1.010210E1	6.390052E-1
1.011880E1	6.387713E-1
1.013550E1	6.383008E-1
1.015220E1	6.379740E-1
1.016890E1	6.378389E-1
1.018560E1	6.373486E-1
1.020230E1	6.370493E-1
1.021900E1	6.366171E-1
1.023570E1	6.362962E-1
1.025240E1	6.360741E-1
1.026910E1	6.356460E-1
1.028580E1	6.352885E-1
1.030250E1	6.348986E-1
1.031920E1	6.345429E-1
1.033590E1	6.343518E-1
1.035260E1	6.339194E-1
1.036930E1	6.335405E-1
1.038600E1	6.332170E-1
1.040270E1	6.327531E-1
1.041940E1	6.325910E-1
1.043610E1	6.321278E-1
1.045280E1	6.317757E-1
1.046950E1	6.315223E-1
1.048620E1	6.309577E-1
1.050290E1	6.307508E-1
1.051950E1	6.304306E-1
1.053610E1	6.300305E-1
1.055290E1	6.295936E-1
1.056960E1	6.292171E-1
1.058630E1	6.289996E-1
1.060300E1	6.285269E-1
1.061970E1	6.282225E-1
1.063640E1	6.279905E-1
1.065310E1	6.274232E-1
1.066980E1	6.272212E-1
1.068650E1	6.267566E-1
1.070320E1	6.264041E-1
1.071990E1	6.260865E-1
1.073660E1	6.256800E-1
1.075330E1	6.254376E-1
1.077000E1	6.249678E-1
1.078670E1	6.246311E-1
1.080340E1	6.242568E-1
1.082010E1	6.238527E-1
1.083680E1	6.236628E-1
1.085350E1	6.232060E-1
1.087020E1	6.228378E-1
1.088690E1	6.226937E-1
1.090360E1	6.221386E-1
1.092030E1	6.218742E-1
1.093700E1	6.214349E-1
1.095370E1	6.210678E-1
1.097040E1	6.208458E-1
1.098710E1	6.203330E-1
1.100380E1	6.201036E-1
1.102050E1	6.196818E-1
1.103720E1	6.193267E-1
1.105390E1	6.189931E-1
1.107060E1	6.185892E-1
1.108730E1	6.183332E-1
1.110400E1	6.179002E-1
1.112070E1	6.175386E-1
1.113740E1	6.173330E-1
1.115410E1	6.168214E-1
1.117080E1	6.165545E-1
1.118750E1	6.161365E-1
1.120420E1	6.157605E-1
1.122090E1	6.156385E-1
1.123760E1	6.151226E-1
1.125420E1	6.148125E-1
1.127080E1	6.143185E-1
1.128760E1	6.140590E-1
1.130430E1	6.138736E-1
1.132100E1	6.133720E-1
1.133770E1	6.130576E-1
1.135440E1	6.124764E-1
1.137110E1	6.122525E-1
1.138780E1	6.121056E-1
1.140450E1	6.115348E-1
1.142120E1	6.113228E-1
1.143790E1	6.107728E-1
1.145460E1	6.104659E-1
1.147130E1	6.103416E-1
1.148800E1	6.097844E-1
1.150470E1	6.095546E-1
1.152140E1	6.091404E-1
1.153810E1	6.087405E-1
1.155480E1	6.085445E-1
1.157150E1	6.079603E-1
1.158820E1	6.077668E-1
1.160490E1	6.071095E-1
1.162160E1	6.068620E-1
1.163830E1	6.067860E-1
1.165500E1	6.061022E-1
1.167170E1	6.059463E-1
1.168840E1	6.053368E-1
1.170510E1	6.050840E-1
1.172180E1	6.048811E-1
1.173850E1	6.043107E-1
1.175520E1	6.041330E-1
1.177190E1	6.034609E-1
1.178860E1	6.032776E-1
1.180530E1	6.027504E-1
1.182200E1	6.024444E-1
1.183870E1	6.023727E-1
1.185540E1	6.016435E-1
1.187210E1	6.014757E-1
1.188880E1	6.009598E-1
1.190550E1	6.006492E-1
1.192220E1	6.005737E-1
1.193890E1	5.998676E-1
1.195560E1	5.996986E-1
1.197230E1	5.991206E-1
1.198890E1	5.989103E-1
1.200550E1	5.987105E-1
1.202230E1	5.981115E-1
1.203900E1	5.979566E-1
1.205570E1	5.973286E-1
1.207240E1	5.971217E-1
1.208910E1	5.969992E-1
1.210580E1	5.963689E-1
1.212250E1	5.961350E-1
1.213920E1	5.956192E-1
1.215590E1	5.953604E-1
1.217260E1	5.952072E-1
1.218930E1	5.946305E-1
1.220600E1	5.944884E-1
1.222270E1	5.938312E-1
1.223940E1	5.936347E-1
1.225610E1	5.934448E-1
1.227280E1	5.928612E-1
1.228950E1	5.927408E-1
1.230620E1	5.922787E-1
1.232290E1	5.919160E-1
1.233960E1	5.916625E-1
1.235630E1	5.911627E-1
1.237300E1	5.909411E-1
1.238970E1	5.905011E-1
1.240640E1	5.901838E-1
1.242310E1	5.900009E-1
1.243980E1	5.894025E-1
1.245650E1	5.892429E-1
1.247320E1	5.889589E-1
1.248990E1	5.883962E-1
1.250660E1	5.881682E-1
1.252330E1	5.877893E-1
1.254000E1	5.875389E-1
1.255670E1	5.871654E-1
1.257340E1	5.866684E-1
1.259010E1	5.864786E-1
1.260680E1	5.860226E-1
1.262350E1	5.857407E-1
1.264020E1	5.854008E-1
1.265690E1	5.849034E-1
1.267360E1	5.847067E-1
1.269030E1	5.841761E-1
1.270700E1	5.839955E-1
1.272360E1	5.835856E-1
1.274020E1	5.831568E-1
1.275700E1	5.829584E-1
1.277370E1	5.825165E-1
1.279040E1	5.822019E-1
1.280710E1	5.817929E-1
1.282380E1	5.813957E-1
1.284050E1	5.811993E-1
1.285720E1	5.807455E-1
1.287390E1	5.804738E-1
1.289060E1	5.800625E-1
1.290730E1	5.796170E-1
1.292400E1	5.793626E-1
1.294070E1	5.787620E-1
1.295740E1	5.786131E-1
1.297410E1	5.782217E-1
1.299080E1	5.777763E-1
1.300750E1	5.776191E-1
1.302420E1	5.769427E-1
1.304090E1	5.767995E-1
1.305760E1	5.764187E-1
1.307430E1	5.760161E-1
1.309100E1	5.757844E-1
1.310770E1	5.752001E-1
1.312440E1	5.750558E-1
1.314110E1	5.745174E-1
1.315780E1	5.742234E-1
1.317450E1	5.739775E-1
1.319120E1	5.734203E-1
1.320790E1	5.732809E-1
1.322460E1	5.728654E-1
1.324130E1	5.724483E-1
1.325800E1	5.721612E-1
1.327470E1	5.716328E-1
1.329140E1	5.714728E-1
1.330810E1	5.710212E-1
1.332480E1	5.706890E-1
1.334150E1	5.704459E-1
1.335820E1	5.698624E-1
1.337490E1	5.697339E-1
1.339160E1	5.692753E-1
1.340830E1	5.688845E-1
1.342500E1	5.686296E-1
1.344170E1	5.681157E-1
1.345830E1	5.679243E-1
1.347490E1	5.673508E-1
1.349170E1	5.671300E-1
1.350840E1	5.668634E-1
1.352510E1	5.663504E-1
1.354180E1	5.662065E-1
1.355850E1	5.656120E-1
1.357520E1	5.653501E-1
1.359190E1	5.651173E-1
1.360860E1	5.645404E-1
1.362530E1	5.644081E-1
1.364200E1	5.638965E-1
1.365870E1	5.636088E-1
1.367540E1	5.633670E-1
1.369210E1	5.628189E-1
1.370880E1	5.626179E-1
1.372550E1	5.621017E-1
1.374220E1	5.617998E-1
1.375890E1	5.614737E-1
1.377560E1	5.609700E-1
1.379230E1	5.608687E-1
1.380900E1	5.602555E-1
1.382570E1	5.600086E-1
1.384240E1	5.597624E-1
1.385910E1	5.592072E-1
1.387580E1	5.591046E-1
1.389250E1	5.586070E-1
1.390920E1	5.582371E-1
1.392590E1	5.578741E-1
1.394260E1	5.574243E-1
1.395930E1	5.573074E-1
1.397600E1	5.567006E-1
1.399270E1	5.564845E-1
1.400940E1	5.560393E-1
1.402610E1	5.556208E-1
1.404280E1	5.554864E-1
1.405950E1	5.549806E-1
1.407620E1	5.546678E-1
1.409290E1	5.543063E-1
1.410960E1	5.538499E-1
1.412630E1	5.536880E-1
1.414300E1	5.532884E-1
1.415970E1	5.529099E-1
1.417640E1	5.525306E-1
1.419300E1	5.520630E-1
1.420960E1	5.519272E-1
1.422640E1	5.513190E-1
1.424310E1	5.511329E-1
1.425980E1	5.507575E-1
1.427650E1	5.502815E-1
1.429320E1	5.501121E-1
1.430990E1	5.496256E-1
1.432660E1	5.493697E-1
1.434330E1	5.489532E-1
1.436000E1	5.485388E-1
1.437670E1	5.483422E-1
1.439340E1	5.479003E-1
1.441010E1	5.475809E-1
1.442680E1	5.471847E-1
1.444350E1	5.467428E-1
1.446020E1	5.465870E-1
1.447690E1	5.459473E-1
1.449360E1	5.457638E-1
1.451030E1	5.453807E-1
1.452700E1	5.449271E-1
1.454370E1	5.447553E-1
1.456040E1	5.441393E-1
1.457710E1	5.439622E-1
1.459380E1	5.435099E-1
1.461050E1	5.431531E-1
1.462720E1	5.429628E-1
1.464390E1	5.423551E-1
1.466060E1	5.422028E-1
1.467730E1	5.417093E-1
1.469400E1	5.413552E-1
1.471070E1	5.411619E-1
1.472740E1	5.405814E-1
1.474410E1	5.403927E-1
1.476080E1	5.399439E-1
1.477750E1	5.396467E-1
1.479420E1	5.394704E-1
1.481090E1	5.387894E-1
1.482760E1	5.387108E-1
1.484430E1	5.382313E-1
1.486100E1	5.378578E-1
1.487770E1	5.376173E-1
1.489440E1	5.370579E-1
1.491100E1	5.368509E-1
1.492760E1	5.363618E-1
1.494440E1	5.360919E-1
1.496110E1	5.358858E-1
1.497780E1	5.352329E-1
1.499450E1	5.350866E-1
1.501120E1	5.346372E-1
1.502790E1	5.342979E-1
1.504460E1	5.340938E-1
1.506130E1	5.334835E-1
1.507800E1	5.332854E-1
1.509470E1	5.327332E-1
1.511140E1	5.325452E-1
1.512810E1	5.322336E-1
1.514480E1	5.317504E-1
1.516150E1	5.314611E-1
1.517820E1	5.310543E-1
1.519490E1	5.307829E-1
1.521160E1	5.304203E-1
1.522830E1	5.298889E-1
1.524500E1	5.296937E-1
1.526170E1	5.291368E-1
1.527840E1	5.289978E-1
1.529510E1	5.285994E-1
1.531180E1	5.281164E-1
1.532850E1	5.278550E-1
1.534520E1	5.273445E-1
1.536190E1	5.272101E-1
1.537860E1	5.267088E-1
1.539530E1	5.263171E-1
1.541200E1	5.259776E-1
1.542870E1	5.254952E-1
1.544540E1	5.252887E-1
1.546210E1	5.247156E-1
1.547880E1	5.245263E-1
1.549550E1	5.241343E-1
1.551220E1	5.237157E-1
1.552890E1	5.234894E-1
1.554560E1	5.229437E-1
1.556230E1	5.227477E-1
1.557900E1	5.222997E-1
1.559570E1	5.219288E-1
1.561240E1	5.216803E-1
1.562910E1	5.211431E-1
1.564570E1	5.209634E-1
1.566230E1	5.205163E-1
1.567910E1	5.201656E-1
1.569580E1	5.198640E-1
1.571250E1	5.192656E-1
1.572920E1	5.190459E-1
1.574590E1	5.187126E-1
1.576260E1	5.183112E-1
1.577930E1	5.180103E-1
1.579600E1	5.175133E-1
1.581270E1	5.173010E-1
1.582940E1	5.168632E-1
1.584610E1	5.165181E-1
1.586280E1	5.161939E-1
1.587950E1	5.156787E-1
1.589620E1	5.154553E-1
1.591290E1	5.151196E-1
1.592960E1	5.147957E-1
1.594630E1	5.144422E-1
1.596300E1	5.139126E-1
1.597970E1	5.136220E-1
1.599640E1	5.132699E-1
1.601310E1	5.130057E-1
1.602980E1	5.125852E-1
1.604650E1	5.121407E-1
1.606320E1	5.119260E-1
1.607990E1	5.114721E-1
1.609660E1	5.112834E-1
1.611330E1	5.108318E-1
1.613000E1	5.103670E-1
1.614670E1	5.101036E-1
1.616340E1	5.097443E-1
1.618010E1	5.094413E-1
1.619680E1	5.090309E-1
1.621350E1	5.086397E-1
1.623020E1	5.083791E-1
1.624690E1	5.078059E-1
1.626360E1	5.077176E-1
1.628030E1	5.073103E-1
1.629700E1	5.068090E-1
1.631370E1	5.065827E-1
1.633040E1	5.061332E-1
1.634710E1	5.059376E-1
1.636380E1	5.055995E-1
1.638040E1	5.050549E-1
1.639700E1	5.048587E-1
1.641380E1	5.044159E-1
1.643050E1	5.041624E-1
1.644720E1	5.037585E-1
1.646390E1	5.032955E-1
1.648060E1	5.031055E-1
1.649730E1	5.025960E-1
1.651400E1	5.023688E-1
1.653070E1	5.019413E-1
1.654740E1	5.015263E-1
1.656410E1	5.012830E-1
1.658080E1	5.007991E-1
1.659750E1	5.005915E-1
1.661420E1	5.001952E-1
1.663090E1	4.997088E-1
1.664760E1	4.995206E-1
1.666430E1	4.990946E-1
1.668100E1	4.988123E-1
1.669770E1	4.984916E-1
1.671440E1	4.980057E-1
1.673110E1	4.977593E-1
1.674780E1	4.973007E-1
1.676450E1	4.970401E-1
1.678120E1	4.967593E-1
1.679790E1	4.962184E-1
1.681460E1	4.960574E-1
1.683130E1	4.955959E-1
1.684800E1	4.952694E-1
1.686470E1	4.949507E-1
1.688140E1	4.944167E-1
1.689810E1	4.942441E-1
1.691480E1	4.937950E-1
1.693150E1	4.935105E-1
1.694820E1	4.932001E-1
1.696490E1	4.926530E-1
1.698160E1	4.924284E-1
1.699830E1	4.920623E-1
1.701500E1	4.912822E-1
1.703170E1	4.908756E-1
1.704840E1	4.904828E-1
1.706510E1	4.901752E-1
1.708180E1	4.896686E-1
1.709850E1	4.894995E-1
1.711510E1	4.890948E-1
1.713170E1	4.887007E-1
1.714850E1	4.884423E-1
1.716520E1	4.879226E-1
1.718190E1	4.877368E-1
1.719860E1	4.872580E-1
1.721530E1	4.869126E-1
1.723200E1	4.866740E-1
1.724870E1	4.861437E-1
1.726540E1	4.859355E-1
1.728210E1	4.855331E-1
1.729880E1	4.851499E-1
1.731550E1	4.848305E-1
1.733220E1	4.842930E-1
1.734890E1	4.841238E-1
1.736560E1	4.837133E-1
1.738230E1	4.833397E-1
1.739900E1	4.830306E-1
1.741570E1	4.825053E-1
1.743240E1	4.823274E-1
1.744910E1	4.818913E-1
1.746580E1	4.815541E-1
1.748250E1	4.813479E-1
1.749920E1	4.808127E-1
1.751590E1	4.806373E-1
1.753260E1	4.802222E-1
1.754930E1	4.798329E-1
1.756600E1	4.795682E-1
1.758270E1	4.790381E-1
1.759940E1	4.788550E-1
1.761610E1	4.784604E-1
1.763280E1	4.780422E-1
1.764950E1	4.777574E-1
1.766620E1	4.772914E-1
1.768290E1	4.770400E-1
1.769960E1	4.767358E-1
1.771630E1	4.762549E-1
1.773300E1	4.759841E-1
1.774970E1	4.755324E-1
1.776640E1	4.753361E-1
1.778310E1	4.749980E-1
1.779980E1	4.745100E-1
1.781650E1	4.742531E-1
1.783320E1	4.737428E-1
1.784980E1	4.735493E-1
1.786640E1	4.731812E-1
1.788320E1	4.727173E-1
1.789990E1	4.724963E-1
1.791660E1	4.719536E-1
1.793330E1	4.717413E-1
1.795000E1	4.713463E-1
1.796670E1	4.709335E-1
1.798340E1	4.706967E-1
1.800010E1	4.701205E-1
1.801680E1	4.699685E-1
1.803350E1	4.696282E-1
1.805020E1	4.691325E-1
1.806690E1	4.689294E-1
1.808360E1	4.683468E-1
1.810030E1	4.681749E-1
1.811700E1	4.677843E-1
1.813370E1	4.673888E-1
1.815040E1	4.671175E-1
1.816710E1	4.666099E-1
1.818380E1	4.663727E-1
1.820050E1	4.659317E-1
1.821720E1	4.655879E-1
1.823390E1	4.652918E-1
1.825060E1	4.647799E-1
1.826730E1	4.645835E-1
1.828400E1	4.640986E-1
1.830070E1	4.638151E-1
1.831740E1	4.634737E-1
1.833410E1	4.629592E-1
1.835080E1	4.627957E-1
1.836750E1	4.623342E-1
1.838420E1	4.620234E-1
1.840090E1	4.616326E-1
1.841760E1	4.611869E-1
1.843430E1	4.610209E-1
1.845100E1	4.605137E-1
1.846770E1	4.602638E-1
1.848440E1	4.598671E-1
1.850110E1	4.594125E-1
1.851780E1	4.592337E-1
1.853450E1	4.587141E-1
1.855120E1	4.584920E-1
1.856790E1	4.580729E-1
1.858450E1	4.576301E-1
1.860110E1	4.574542E-1
1.861790E1	4.569421E-1
1.863460E1	4.567321E-1
1.865130E1	4.562990E-1
1.866800E1	4.558700E-1
1.868470E1	4.556599E-1
1.870140E1	4.551177E-1
1.871810E1	4.549142E-1
1.873480E1	4.545249E-1
1.875150E1	4.541233E-1
1.876820E1	4.538911E-1
1.878490E1	4.533701E-1
1.880160E1	4.531747E-1
1.881830E1	4.526956E-1
1.883500E1	4.523786E-1
1.885170E1	4.521198E-1
1.886840E1	4.516544E-1
1.888510E1	4.513906E-1
1.890180E1	4.509218E-1
1.891850E1	4.506005E-1
1.893520E1	4.503376E-1
1.895190E1	4.498392E-1
1.896860E1	4.496466E-1
1.898530E1	4.491884E-1
1.900200E1	4.488110E-1
1.901870E1	4.485749E-1
1.903540E1	4.480356E-1
1.905210E1	4.478439E-1
1.906880E1	4.474060E-1
1.908550E1	4.470672E-1
1.910220E1	4.467742E-1
1.911890E1	4.462779E-1
1.913560E1	4.460681E-1
1.915230E1	4.456062E-1
1.916900E1	4.452784E-1
1.918570E1	4.449369E-1
1.920240E1	4.444702E-1
1.921910E1	4.443280E-1
1.923580E1	4.438408E-1
1.925250E1	4.434619E-1
1.926920E1	4.432206E-1
1.928590E1	4.427129E-1
1.930260E1	4.424994E-1
1.931920E1	4.421017E-1
1.933580E1	4.417543E-1
1.935260E1	4.414115E-1
1.936930E1	4.409127E-1
1.938600E1	4.407212E-1
1.940270E1	4.402416E-1
1.941940E1	4.399487E-1
1.943610E1	4.396649E-1
1.945280E1	4.391303E-1
1.946950E1	4.388704E-1
1.948620E1	4.383386E-1
1.950290E1	4.381310E-1
1.951960E1	4.377044E-1
1.953630E1	4.372700E-1
1.955300E1	4.370021E-1
1.956970E1	4.364550E-1
1.958640E1	4.362441E-1
1.960310E1	4.358062E-1
1.961980E1	4.354209E-1
1.963650E1	4.350786E-1
1.965320E1	4.345857E-1
1.966990E1	4.343957E-1
1.968660E1	4.338993E-1
1.970330E1	4.336141E-1
1.972000E1	4.332011E-1
1.973670E1	4.327810E-1
1.975340E1	4.325778E-1
1.977010E1	4.319859E-1
1.978680E1	4.317794E-1
1.980350E1	4.313099E-1
1.982020E1	4.310025E-1
1.983690E1	4.306787E-1
1.985360E1	4.301393E-1
1.987030E1	4.298682E-1
1.988700E1	4.293411E-1
1.990370E1	4.291172E-1
1.992040E1	4.287501E-1
1.993710E1	4.282949E-1
1.995380E1	4.279495E-1
1.997050E1	4.274678E-1
1.998720E1	4.272860E-1
2.000390E1	4.267680E-1
2.002060E1	4.264967E-1
2.003730E1	4.261018E-1
2.005390E1	4.256795E-1
2.007050E1	4.254534E-1
2.008730E1	4.249523E-1
2.010400E1	4.247259E-1
2.012070E1	4.243026E-1
2.013740E1	4.239236E-1
2.015410E1	4.236629E-1
2.017080E1	4.232032E-1
2.018750E1	4.229900E-1
2.020420E1	4.225130E-1
2.022090E1	4.221516E-1
2.023760E1	4.218674E-1
2.025430E1	4.214225E-1
2.027100E1	4.211974E-1
2.028770E1	4.206958E-1
2.030440E1	4.204162E-1
2.032110E1	4.200802E-1
2.033780E1	4.195910E-1
2.035450E1	4.192641E-1
2.037120E1	4.188446E-1
2.038790E1	4.185945E-1
2.040460E1	4.182079E-1
2.042130E1	4.177458E-1
2.043800E1	4.174952E-1
2.045470E1	4.169933E-1
2.047140E1	4.167868E-1
2.048810E1	4.164065E-1
2.050480E1	4.160034E-1
2.052150E1	4.156596E-1
2.053820E1	4.152135E-1
2.055490E1	4.150131E-1
2.057160E1	4.146339E-1
2.058830E1	4.141747E-1
2.060500E1	4.139118E-1
2.062170E1	4.134718E-1
2.063840E1	4.132376E-1
2.065510E1	4.128199E-1
2.067180E1	4.124276E-1
2.068850E1	4.121365E-1
2.070520E1	4.117213E-1
2.072190E1	4.114775E-1
2.073860E1	4.110795E-1
2.075530E1	4.106242E-1
2.077200E1	4.103273E-1
2.078860E1	4.098847E-1
2.080520E1	4.096914E-1
2.082200E1	4.092624E-1
2.083870E1	4.088848E-1
2.085540E1	4.084766E-1
2.087210E1	4.080035E-1
2.088880E1	4.078050E-1
2.090550E1	4.073803E-1
2.092220E1	4.069907E-1
2.093890E1	4.066711E-1
2.095560E1	4.061620E-1
2.097230E1	4.060089E-1
2.098900E1	4.055961E-1
2.100570E1	4.052262E-1
2.102240E1	4.048891E-1
2.103910E1	4.043823E-1
2.105580E1	4.041993E-1
2.107250E1	4.036931E-1
2.108920E1	4.034258E-1
2.110590E1	4.030267E-1
2.112260E1	4.025869E-1
2.113930E1	4.024353E-1
2.115600E1	4.019499E-1
2.117270E1	4.016604E-1
2.118940E1	4.012508E-1
2.120610E1	4.008130E-1
2.122280E1	4.006233E-1
2.123950E1	4.001151E-1
2.125620E1	3.998612E-1
2.127290E1	3.994521E-1
2.128960E1	3.990849E-1
2.130630E1	3.987373E-1
2.132300E1	3.982085E-1
2.133970E1	3.979009E-1
2.135640E1	3.974212E-1
2.137310E1	3.972566E-1
2.138980E1	3.968061E-1
2.140650E1	3.963862E-1
2.142320E1	3.960188E-1
2.143990E1	3.955459E-1
2.145660E1	3.953023E-1
2.147330E1	3.948642E-1
2.149000E1	3.945655E-1
2.150670E1	3.941236E-1
2.152330E1	3.937366E-1
2.153990E1	3.934770E-1
2.155670E1	3.930500E-1
2.157340E1	3.927396E-1
2.159010E1	3.923335E-1
2.160680E1	3.919461E-1
2.162350E1	3.916787E-1
2.164020E1	3.912699E-1
2.165690E1	3.909891E-1
2.167360E1	3.904570E-1
2.169030E1	3.902041E-1
2.170700E1	3.897757E-1
2.172370E1	3.893648E-1
2.174040E1	3.890163E-1
2.175710E1	3.886621E-1
2.177380E1	3.884044E-1
2.179050E1	3.879215E-1
2.180720E1	3.875472E-1
2.182390E1	3.871670E-1
2.184060E1	3.867042E-1
2.185730E1	3.864586E-1
2.187400E1	3.860609E-1
2.189070E1	3.857063E-1
2.190740E1	3.853044E-1
2.192410E1	3.848939E-1
2.194080E1	3.846817E-1
2.195750E1	3.842191E-1
2.197420E1	3.838669E-1
2.199090E1	3.834949E-1
2.200760E1	3.830841E-1
2.202430E1	3.828523E-1
2.204100E1	3.824354E-1
2.205770E1	3.821461E-1
2.207440E1	3.817009E-1
2.209110E1	3.813331E-1
2.210780E1	3.810911E-1
2.212450E1	3.806754E-1
2.214120E1	3.803422E-1
2.215790E1	3.799675E-1
2.217460E1	3.795615E-1
2.219130E1	3.792870E-1
2.220800E1	3.788710E-1
2.222470E1	3.786000E-1
2.224140E1	3.781913E-1
2.225800E1	3.777938E-1
2.227460E1	3.775305E-1
2.229140E1	3.770764E-1
2.230810E1	3.768227E-1
2.232480E1	3.763426E-1
2.234150E1	3.759733E-1
2.235820E1	3.757941E-1
2.237490E1	3.753544E-1
2.239160E1	3.750849E-1
2.240830E1	3.746281E-1
2.242500E1	3.742485E-1
2.244170E1	3.740149E-1
2.245840E1	3.735643E-1
2.247510E1	3.732525E-1
2.249180E1	3.728512E-1
2.250850E1	3.724578E-1
2.252520E1	3.722266E-1
2.254190E1	3.717897E-1
2.255860E1	3.715184E-1
2.257530E1	3.710719E-1
2.259200E1	3.706573E-1
2.260870E1	3.704099E-1
2.262540E1	3.699818E-1
2.264210E1	3.696870E-1
2.265880E1	3.692796E-1
2.267550E1	3.688972E-1
2.269220E1	3.686538E-1
2.270890E1	3.682311E-1
2.272560E1	3.679096E-1
2.274230E1	3.674936E-1
2.275900E1	3.671307E-1
2.277570E1	3.667403E-1
2.279240E1	3.662880E-1
2.280910E1	3.659842E-1
2.282580E1	3.655297E-1
2.284250E1	3.652831E-1
2.285920E1	3.648401E-1
2.287590E1	3.644758E-1
2.289260E1	3.641134E-1
2.290930E1	3.635927E-1
2.292600E1	3.633274E-1
2.294270E1	3.629123E-1
2.295940E1	3.625906E-1
2.297610E1	3.621696E-1
2.299270E1	3.617840E-1
2.300930E1	3.614626E-1
2.302610E1	3.609233E-1
2.304280E1	3.606031E-1
2.305950E1	3.601499E-1
2.307620E1	3.599504E-1
2.309290E1	3.595640E-1
2.310960E1	3.590874E-1
2.312630E1	3.587275E-1
2.314300E1	3.582488E-1
2.315970E1	3.580105E-1
2.317640E1	3.576139E-1
2.319310E1	3.572740E-1
2.320980E1	3.568477E-1
2.322650E1	3.564553E-1
2.324320E1	3.561737E-1
2.325990E1	3.557911E-1
2.327660E1	3.554750E-1
2.329330E1	3.550542E-1
2.331000E1	3.546414E-1
2.332670E1	3.542826E-1
2.334340E1	3.538308E-1
2.336010E1	3.535196E-1
2.337680E1	3.531461E-1
2.339350E1	3.528348E-1
2.341020E1	3.524076E-1
2.342690E1	3.519998E-1
2.344360E1	3.516456E-1
2.346030E1	3.512218E-1
2.347700E1	3.509559E-1
2.349370E1	3.505211E-1
2.351040E1	3.502006E-1
2.352710E1	3.497862E-1
2.354380E1	3.493600E-1
2.356050E1	3.491513E-1
2.357720E1	3.487288E-1
2.359390E1	3.483940E-1
2.361060E1	3.480050E-1
2.362730E1	3.475842E-1
2.364400E1	3.473355E-1
2.366070E1	3.469296E-1
2.367740E1	3.466091E-1
2.369410E1	3.462476E-1
2.371080E1	3.458442E-1
2.372740E1	3.455755E-1
2.374400E1	3.451823E-1
2.376080E1	3.448433E-1
2.377750E1	3.444627E-1
2.379420E1	3.440657E-1
2.381090E1	3.438012E-1
2.382760E1	3.433794E-1
2.384430E1	3.430638E-1
2.386100E1	3.426960E-1
2.387770E1	3.422736E-1
2.389440E1	3.420434E-1
2.391110E1	3.416120E-1
2.392780E1	3.413026E-1
2.394450E1	3.408662E-1
2.396120E1	3.404834E-1
2.397790E1	3.401882E-1
2.399460E1	3.398225E-1
2.401130E1	3.394922E-1
2.402800E1	3.390668E-1
2.404470E1	3.387184E-1
2.406140E1	3.385063E-1
2.407810E1	3.380201E-1
2.409480E1	3.377096E-1
2.411150E1	3.373588E-1
2.412820E1	3.369468E-1
2.414490E1	3.365653E-1
2.416160E1	3.360824E-1
2.417830E1	3.357609E-1
2.419500E1	3.354483E-1
2.421170E1	3.351064E-1
2.422840E1	3.347128E-1
2.424510E1	3.343174E-1
2.426180E1	3.339134E-1
2.427850E1	3.335828E-1
2.429520E1	3.332659E-1
2.431190E1	3.328599E-1
2.432860E1	3.324552E-1
2.434530E1	3.321315E-1
2.436200E1	3.316747E-1
2.437870E1	3.313968E-1
2.439540E1	3.310281E-1
2.441210E1	3.306027E-1
2.442880E1	3.301994E-1
2.444540E1	3.298115E-1
2.446200E1	3.294507E-1
2.447880E1	3.290191E-1
2.449550E1	3.287134E-1
2.451220E1	3.282982E-1
2.452890E1	3.279586E-1
2.454560E1	3.276014E-1
2.456230E1	3.271503E-1
2.457900E1	3.267806E-1
2.459570E1	3.263263E-1
2.461240E1	3.260985E-1
2.462910E1	3.256760E-1
2.464580E1	3.253161E-1
2.466250E1	3.249109E-1
2.467920E1	3.244795E-1
2.469590E1	3.241756E-1
2.471260E1	3.236537E-1
2.472930E1	3.233587E-1
2.474600E1	3.230009E-1
2.476270E1	3.226194E-1
2.477940E1	3.222677E-1
2.479610E1	3.218387E-1
2.481280E1	3.214361E-1
2.482950E1	3.209847E-1
2.484620E1	3.207058E-1
2.486290E1	3.203178E-1
2.487960E1	3.199809E-1
2.489630E1	3.195708E-1
2.491300E1	3.191815E-1
2.492970E1	3.188015E-1
2.494640E1	3.184146E-1
2.496310E1	3.180435E-1
2.497980E1	3.176707E-1
2.499650E1	3.173450E-1
2.501320E1	3.169916E-1
2.502990E1	3.166141E-1
2.504660E1	3.161617E-1
2.506330E1	3.158521E-1
2.508000E1	3.154904E-1
2.509670E1	3.151629E-1
2.511340E1	3.148287E-1
2.513010E1	3.143966E-1
2.514680E1	3.138896E-1
2.516350E1	3.137004E-1
2.518010E1	3.133624E-1
2.519670E1	3.129037E-1
2.521350E1	3.125409E-1
2.523020E1	3.121351E-1
2.524690E1	3.118397E-1
2.526360E1	3.115093E-1
2.528030E1	3.111665E-1
2.529700E1	3.108083E-1
2.531370E1	3.104089E-1
2.533040E1	3.100744E-1
2.534710E1	3.097839E-1
2.536380E1	3.094167E-1
2.538050E1	3.090064E-1
2.539720E1	3.086206E-1
2.541390E1	3.083666E-1
2.543060E1	3.080038E-1
2.544730E1	3.076586E-1
2.546400E1	3.073764E-1
2.548070E1	3.069635E-1
2.549740E1	3.067210E-1
2.551410E1	3.063724E-1
2.553080E1	3.059848E-1
2.554750E1	3.056797E-1
2.556420E1	3.052373E-1
2.558090E1	3.049323E-1
2.559760E1	3.047821E-1
2.561430E1	3.044308E-1
2.563100E1	3.040878E-1
2.564770E1	3.036160E-1
2.566440E1	3.033089E-1
2.568110E1	3.030624E-1
2.569780E1	3.027324E-1
2.571450E1	3.024036E-1
2.573120E1	3.019427E-1
2.574790E1	3.015388E-1
2.576460E1	3.012555E-1
2.578130E1	3.008522E-1
2.579800E1	3.005410E-1
2.581470E1	3.001327E-1
2.583140E1	2.996806E-1
2.584810E1	2.995170E-1
2.586480E1	2.991213E-1
2.588150E1	2.987703E-1
2.589820E1	2.985672E-1
2.591480E1	2.981089E-1
2.593140E1	2.978312E-1
2.594820E1	2.974508E-1
2.596490E1	2.970624E-1
2.598160E1	2.967893E-1
2.599830E1	2.963834E-1
2.601500E1	2.961026E-1
2.603170E1	2.958260E-1
2.604840E1	2.955008E-1
2.606510E1	2.951441E-1
2.608180E1	2.947012E-1
2.609850E1	2.943022E-1
2.611520E1	2.939038E-1
2.613190E1	2.937570E-1
2.614860E1	2.932667E-1
2.616530E1	2.928621E-1
2.618200E1	2.925115E-1
2.619870E1	2.921149E-1
2.621540E1	2.918840E-1
2.623210E1	2.914800E-1
2.624880E1	2.910824E-1
2.626550E1	2.907960E-1
2.628220E1	2.903048E-1
2.629890E1	2.901352E-1
2.631560E1	2.897020E-1
2.633230E1	2.893860E-1
2.634900E1	2.889438E-1
2.636570E1	2.885391E-1
2.638240E1	2.883631E-1
2.639910E1	2.879294E-1
2.641580E1	2.876056E-1
2.643250E1	2.871318E-1
2.644920E1	2.867818E-1
2.646590E1	2.863044E-1
2.648260E1	2.859085E-1
2.649930E1	2.855163E-1
2.651600E1	2.850954E-1
2.653270E1	2.848113E-1
2.654940E1	2.842913E-1
2.656610E1	2.839917E-1
2.658280E1	2.836480E-1
2.659950E1	2.832266E-1
2.661620E1	2.829015E-1
2.663290E1	2.823917E-1
2.664950E1	2.819775E-1
2.666610E1	2.816258E-1
2.668290E1	2.813187E-1
2.669960E1	2.809408E-1
2.671630E1	2.805963E-1
2.673300E1	2.801832E-1
2.674970E1	2.797849E-1
2.676640E1	2.795246E-1
2.678310E1	2.791574E-1
2.679980E1	2.787181E-1
2.681650E1	2.784062E-1
2.683320E1	2.780383E-1
2.684990E1	2.777459E-1
2.686660E1	2.774071E-1
2.688330E1	2.770651E-1
2.690000E1	2.767274E-1
2.691670E1	2.764447E-1
2.693340E1	2.761458E-1
2.695010E1	2.757235E-1
2.696680E1	2.751921E-1
2.698350E1	2.751215E-1
2.700020E1	2.747241E-1
2.701690E1	2.744153E-1
2.703360E1	2.740841E-1
2.705030E1	2.735713E-1
2.706700E1	2.732837E-1
2.708370E1	2.729181E-1
2.710040E1	2.725800E-1
2.711710E1	2.722625E-1
2.713380E1	2.719687E-1
2.715050E1	2.716769E-1
2.716720E1	2.712017E-1
2.718390E1	2.708285E-1
2.720060E1	2.704257E-1
2.721730E1	2.701165E-1
2.723400E1	2.697955E-1
2.725070E1	2.694930E-1
2.726740E1	2.692115E-1
2.728410E1	2.688950E-1
2.730080E1	2.685142E-1
2.731750E1	2.682017E-1
2.733420E1	2.677847E-1
2.735090E1	2.674807E-1
2.736760E1	2.671981E-1
2.738420E1	2.667864E-1
2.740080E1	2.664590E-1
2.741760E1	2.660308E-1
2.743430E1	2.657229E-1
2.745100E1	2.653548E-1
2.746770E1	2.649665E-1
2.748440E1	2.646180E-1
2.750110E1	2.642129E-1
2.751780E1	2.638829E-1
2.753450E1	2.635171E-1
2.755120E1	2.631399E-1
