0.000000E0	6.925818E-1
1.670000E-2	6.925055E-1
3.340000E-2	6.923754E-1
5.010000E-2	6.920728E-1
6.680000E-2	6.918563E-1
8.350000E-2	6.916564E-1
1.002000E-1	6.915042E-1
1.169000E-1	6.912643E-1
1.336000E-1	6.909522E-1
1.503000E-1	6.907948E-1
1.669000E-1	6.906914E-1
1.835000E-1	6.905096E-1
2.003000E-1	6.900706E-1
2.170000E-1	6.898694E-1
2.337000E-1	6.897946E-1
2.504000E-1	6.896636E-1
2.671000E-1	6.892117E-1
2.838000E-1	6.890325E-1
3.005000E-1	6.889543E-1
3.172000E-1	6.888400E-1
3.339000E-1	6.886543E-1
3.506000E-1	6.882456E-1
3.673000E-1	6.880909E-1
3.840000E-1	6.880155E-1
4.007000E-1	6.879142E-1
4.174000E-1	6.876121E-1
4.341000E-1	6.873762E-1
4.508000E-1	6.872666E-1
4.675000E-1	6.871318E-1
4.842000E-1	6.869817E-1
5.009000E-1	6.866623E-1
5.176000E-1	6.864338E-1
5.343000E-1	6.862757E-1
5.510000E-1	6.862411E-1
5.677000E-1	6.861548E-1
5.844000E-1	6.857842E-1
6.011000E-1	6.856143E-1
6.178000E-1	6.854366E-1
6.345000E-1	6.853589E-1
6.512000E-1	6.851008E-1
6.679000E-1	6.847490E-1
6.846000E-1	6.845877E-1
7.013000E-1	6.844619E-1
7.180000E-1	6.844013E-1
7.347000E-1	6.840869E-1
7.514000E-1	6.838132E-1
7.681000E-1	6.836500E-1
7.848000E-1	6.835622E-1
8.015000E-1	6.831891E-1
8.182000E-1	6.829065E-1
8.349000E-1	6.827567E-1
8.516000E-1	6.826408E-1
8.683000E-1	6.822702E-1
8.850000E-1	6.820825E-1
9.017000E-1	6.819117E-1
9.184000E-1	6.816044E-1
9.351000E-1	6.812135E-1
9.518000E-1	6.809901E-1
9.685000E-1	6.808830E-1
9.852000E-1	6.808064E-1
1.001900E0	6.804144E-1
1.018600E0	6.803124E-1
1.035300E0	6.800900E-1
1.052000E0	6.799626E-1
1.068600E0	6.796822E-1
1.085200E0	6.794013E-1
1.102000E0	6.791833E-1
1.118700E0	6.790449E-1
1.135400E0	6.787061E-1
1.152100E0	6.785467E-1
1.168800E0	6.782858E-1
1.185500E0	6.781443E-1
1.202200E0	6.779306E-1
1.218900E0	6.777074E-1
1.235600E0	6.775100E-1
1.252300E0	6.773386E-1
1.269000E0	6.771487E-1
1.285700E0	6.769049E-1
1.302400E0	6.766594E-1
1.319100E0	6.764248E-1
1.335800E0	6.762347E-1
1.352500E0	6.760341E-1
1.369200E0	6.758233E-1
1.385900E0	6.755679E-1
1.402600E0	6.754194E-1
1.419300E0	6.751495E-1
1.436000E0	6.749654E-1
1.452700E0	6.747339E-1
1.469400E0	6.744544E-1
1.486100E0	6.741814E-1
1.502800E0	6.740639E-1
1.519500E0	6.737800E-1
1.536200E0	6.736624E-1
1.552900E0	6.734280E-1
1.569600E0	6.732374E-1
1.586300E0	6.729917E-1
1.603000E0	6.727938E-1
1.619700E0	6.726748E-1
1.636400E0	6.723185E-1
1.653100E0	6.720090E-1
1.669800E0	6.717960E-1
1.686500E0	6.716014E-1
1.703200E0	6.712617E-1
1.719900E0	6.710069E-1
1.736600E0	6.708371E-1
1.753300E0	6.705831E-1
1.770000E0	6.703145E-1
1.786700E0	6.701795E-1
1.803400E0	6.699502E-1
1.820100E0	6.697009E-1
1.836800E0	6.693779E-1
1.853500E0	6.692637E-1
1.870200E0	6.690347E-1
1.886900E0	6.686908E-1
1.903600E0	6.684608E-1
1.920300E0	6.682572E-1
1.937000E0	6.679417E-1
1.953600E0	6.677384E-1
1.970200E0	6.675160E-1
1.987000E0	6.673096E-1
2.003700E0	6.669944E-1
2.020400E0	6.667193E-1
2.037100E0	6.665437E-1
2.053800E0	6.663697E-1
2.070500E0	6.661492E-1
2.087200E0	6.658899E-1
2.103900E0	6.656899E-1
2.120600E0	6.655024E-1
2.137300E0	6.652336E-1
2.154000E0	6.650090E-1
2.170700E0	6.648393E-1
2.187400E0	6.646534E-1
2.204100E0	6.642700E-1
2.220800E0	6.640079E-1
2.237500E0	6.638817E-1
2.254200E0	6.636151E-1
2.270900E0	6.633330E-1
2.287600E0	6.631015E-1
2.304300E0	6.630209E-1
2.321000E0	6.627685E-1
2.337700E0	6.623679E-1
2.354400E0	6.621968E-1
2.371100E0	6.619594E-1
2.387800E0	6.617790E-1
2.404500E0	6.615098E-1
2.421200E0	6.612516E-1
2.437900E0	6.610711E-1
2.454600E0	6.608486E-1
2.471300E0	6.605624E-1
2.488000E0	6.602606E-1
2.504700E0	6.599804E-1
2.521400E0	6.598260E-1
2.538100E0	6.593508E-1
2.554800E0	6.590513E-1
2.571500E0	6.588775E-1
2.588200E0	6.585843E-1
2.604900E0	6.582445E-1
2.621600E0	6.580021E-1
2.638300E0	6.577057E-1
2.655000E0	6.574658E-1
2.671700E0	6.571705E-1
2.688300E0	6.568368E-1
2.704900E0	6.564613E-1
2.721700E0	6.561912E-1
2.738400E0	6.558984E-1
2.755100E0	6.556660E-1
2.771800E0	6.553410E-1
2.788500E0	6.551145E-1
2.805200E0	6.548157E-1
2.821900E0	6.544587E-1
2.838600E0	6.542017E-1
2.855300E0	6.539981E-1
2.872000E0	6.536714E-1
2.888700E0	6.533875E-1
2.905400E0	6.531929E-1
2.922100E0	6.529010E-1
2.938800E0	6.525781E-1
2.955500E0	6.523281E-1
2.972200E0	6.521800E-1
2.988900E0	6.518741E-1
3.005600E0	6.516133E-1
3.022300E0	6.514709E-1
3.039000E0	6.512098E-1
3.055700E0	6.507728E-1
3.072400E0	6.505685E-1
3.089100E0	6.503806E-1
3.105800E0	6.501568E-1
3.122500E0	6.498599E-1
3.139200E0	6.496756E-1
3.155900E0	6.493950E-1
3.172600E0	6.490562E-1
3.189300E0	6.488291E-1
3.206000E0	6.486066E-1
3.222700E0	6.482939E-1
3.239400E0	6.480688E-1
3.256100E0	6.478679E-1
3.272800E0	6.476352E-1
3.289500E0	6.472606E-1
3.306200E0	6.469945E-1
3.322900E0	6.467677E-1
3.339600E0	6.465217E-1
3.356300E0	6.462629E-1
3.373000E0	6.460356E-1
3.389700E0	6.456071E-1
3.406400E0	6.453390E-1
3.423000E0	6.451070E-1
3.439600E0	6.448007E-1
3.456400E0	6.444801E-1
3.473100E0	6.442898E-1
3.489800E0	6.439633E-1
3.506500E0	6.436304E-1
3.523200E0	6.434581E-1
3.539900E0	6.431061E-1
3.556600E0	6.427603E-1
3.573300E0	6.425940E-1
3.590000E0	6.422100E-1
3.606700E0	6.418479E-1
3.623400E0	6.416600E-1
3.640100E0	6.413923E-1
3.656800E0	6.409883E-1
3.673500E0	6.408323E-1
3.690200E0	6.404103E-1
3.706900E0	6.400190E-1
3.723600E0	6.398395E-1
3.740300E0	6.395550E-1
3.757000E0	6.392468E-1
3.773700E0	6.390547E-1
3.790400E0	6.386548E-1
3.807100E0	6.383424E-1
3.823800E0	6.381369E-1
3.840500E0	6.378360E-1
3.857200E0	6.375484E-1
3.873900E0	6.372958E-1
3.890600E0	6.369482E-1
3.907300E0	6.365296E-1
3.924000E0	6.363712E-1
3.940700E0	6.360648E-1
3.957400E0	6.357912E-1
3.974100E0	6.355042E-1
3.990800E0	6.352190E-1
4.007500E0	6.348303E-1
4.024200E0	6.345548E-1
4.040900E0	6.344334E-1
4.057600E0	6.340376E-1
4.074300E0	6.337656E-1
4.091000E0	6.336053E-1
4.107700E0	6.332892E-1
4.124400E0	6.329050E-1
4.141100E0	6.327664E-1
4.157700E0	6.325501E-1
4.174300E0	6.321402E-1
4.191100E0	6.318693E-1
4.207800E0	6.316571E-1
4.224500E0	6.312816E-1
4.241200E0	6.309802E-1
4.257900E0	6.307363E-1
4.274600E0	6.303926E-1
4.291300E0	6.300989E-1
4.308000E0	6.299166E-1
4.324700E0	6.294726E-1
4.341400E0	6.291820E-1
4.358100E0	6.289385E-1
4.374800E0	6.285989E-1
4.391500E0	6.283175E-1
4.408200E0	6.280572E-1
4.424900E0	6.276667E-1
4.441600E0	6.273691E-1
4.458300E0	6.271489E-1
4.475000E0	6.267454E-1
4.491700E0	6.265271E-1
4.508400E0	6.262598E-1
4.525100E0	6.258274E-1
4.541800E0	6.255862E-1
4.558500E0	6.252774E-1
4.575200E0	6.250022E-1
4.591900E0	6.247322E-1
4.608600E0	6.244729E-1
4.625300E0	6.239990E-1
4.642000E0	6.237751E-1
4.658700E0	6.234502E-1
4.675400E0	6.231075E-1
4.692100E0	6.228042E-1
4.708800E0	6.225813E-1
4.725500E0	6.221456E-1
4.742200E0	6.218595E-1
4.758900E0	6.216748E-1
4.775600E0	6.212797E-1
4.792300E0	6.209672E-1
4.809000E0	6.207414E-1
4.825700E0	6.203544E-1
4.842400E0	6.201663E-1
4.859100E0	6.198983E-1
4.875800E0	6.196061E-1
4.892400E0	6.192797E-1
4.909000E0	6.190231E-1
4.925800E0	6.186990E-1
4.942500E0	6.183544E-1
4.959200E0	6.181688E-1
4.975900E0	6.178361E-1
4.992600E0	6.175689E-1
5.009300E0	6.173010E-1
5.026000E0	6.171171E-1
5.042700E0	6.167517E-1
5.059400E0	6.165224E-1
5.076100E0	6.162810E-1
5.092800E0	6.159361E-1
5.109500E0	6.157359E-1
5.126200E0	6.154555E-1
5.142900E0	6.151547E-1
5.159600E0	6.147964E-1
5.176300E0	6.145421E-1
5.193000E0	6.142179E-1
5.209700E0	6.139510E-1
5.226400E0	6.137087E-1
5.243100E0	6.133210E-1
5.259800E0	6.130056E-1
5.276500E0	6.127830E-1
5.293200E0	6.124821E-1
5.309900E0	6.121424E-1
5.326600E0	6.119188E-1
5.343300E0	6.115712E-1
5.360000E0	6.112442E-1
5.376700E0	6.109834E-1
5.393400E0	6.106438E-1
5.410100E0	6.103009E-1
5.426800E0	6.101157E-1
5.443500E0	6.097178E-1
5.460200E0	6.093925E-1
5.476900E0	6.091721E-1
5.493600E0	6.087876E-1
5.510300E0	6.084924E-1
5.527000E0	6.082917E-1
5.543700E0	6.078586E-1
5.560400E0	6.076026E-1
5.577100E0	6.072764E-1
5.593800E0	6.069096E-1
5.610500E0	6.066408E-1
5.627100E0	6.064109E-1
5.643700E0	6.058687E-1
5.660500E0	6.056502E-1
5.677200E0	6.053088E-1
5.693900E0	6.049224E-1
5.710600E0	6.047429E-1
5.727300E0	6.043730E-1
5.744000E0	6.040329E-1
5.760700E0	6.038064E-1
5.777400E0	6.034574E-1
5.794100E0	6.031737E-1
5.810800E0	6.029276E-1
5.827500E0	6.024827E-1
5.844200E0	6.022724E-1
5.860900E0	6.020382E-1
5.877600E0	6.016645E-1
5.894300E0	6.014098E-1
5.911000E0	6.011709E-1
5.927700E0	6.007093E-1
5.944400E0	6.004818E-1
5.961100E0	6.002055E-1
5.977800E0	5.998675E-1
5.994500E0	5.997283E-1
6.011200E0	5.994014E-1
6.027900E0	5.989482E-1
6.044600E0	5.987127E-1
6.061300E0	5.984635E-1
6.078000E0	5.981282E-1
6.094700E0	5.979281E-1
6.111400E0	5.975859E-1
6.128100E0	5.972221E-1
6.144800E0	5.968949E-1
6.161500E0	5.966616E-1
6.178200E0	5.963290E-1
6.194900E0	5.961152E-1
6.211600E0	5.958159E-1
6.228300E0	5.954485E-1
6.245000E0	5.951389E-1
6.261700E0	5.947982E-1
6.278400E0	5.944172E-1
6.295100E0	5.942424E-1
6.311800E0	5.939026E-1
6.328500E0	5.934660E-1
6.345200E0	5.931874E-1
6.361800E0	5.928086E-1
6.378400E0	5.924880E-1
6.395200E0	5.922842E-1
6.411900E0	5.918387E-1
6.428600E0	5.915128E-1
6.445300E0	5.913367E-1
6.462000E0	5.909434E-1
6.478700E0	5.906736E-1
6.495400E0	5.902930E-1
6.512100E0	5.898856E-1
6.528800E0	5.896381E-1
6.545500E0	5.892139E-1
6.562200E0	5.889413E-1
6.578900E0	5.886684E-1
6.595600E0	5.882117E-1
6.612300E0	5.879584E-1
6.629000E0	5.876306E-1
6.645700E0	5.872658E-1
6.662400E0	5.869561E-1
6.679100E0	5.867079E-1
6.695800E0	5.862458E-1
6.712500E0	5.859657E-1
6.729200E0	5.855546E-1
6.745900E0	5.853349E-1
6.762600E0	5.849791E-1
6.779300E0	5.846360E-1
6.796000E0	5.843653E-1
6.812700E0	5.840181E-1
6.829400E0	5.836074E-1
6.846100E0	5.833631E-1
6.862800E0	5.829351E-1
6.879500E0	5.826995E-1
6.896200E0	5.824873E-1
6.912900E0	5.821627E-1
6.929600E0	5.818443E-1
6.946300E0	5.815401E-1
6.963000E0	5.810422E-1
6.979700E0	5.808211E-1
6.996400E0	5.806930E-1
7.013100E0	5.802815E-1
7.029800E0	5.800745E-1
7.046500E0	5.797764E-1
7.063200E0	5.793409E-1
7.079900E0	5.790891E-1
7.096500E0	5.788491E-1
7.113100E0	5.784847E-1
7.129900E0	5.782800E-1
7.146600E0	5.779831E-1
7.163300E0	5.775535E-1
7.180000E0	5.773342E-1
7.196700E0	5.770703E-1
7.213400E0	5.767519E-1
7.230100E0	5.764985E-1
7.246800E0	5.762084E-1
7.263500E0	5.757294E-1
7.280200E0	5.755220E-1
7.296900E0	5.751175E-1
7.313600E0	5.748526E-1
7.330300E0	5.746066E-1
7.347000E0	5.742201E-1
7.363700E0	5.738786E-1
7.380400E0	5.735304E-1
7.397100E0	5.731555E-1
7.413800E0	5.729415E-1
7.430500E0	5.726364E-1
7.447200E0	5.721966E-1
7.463900E0	5.719580E-1
7.480600E0	5.715243E-1
7.497300E0	5.711970E-1
7.514000E0	5.709468E-1
7.530700E0	5.705254E-1
7.547400E0	5.702318E-1
7.564100E0	5.699540E-1
7.580800E0	5.695495E-1
7.597500E0	5.692603E-1
7.614200E0	5.687901E-1
7.630900E0	5.684890E-1
7.647600E0	5.682176E-1
7.664300E0	5.678257E-1
7.681000E0	5.675647E-1
7.697700E0	5.672601E-1
7.714400E0	5.668324E-1
7.731100E0	5.666085E-1
7.747800E0	5.662539E-1
7.764500E0	5.658127E-1
7.781200E0	5.655573E-1
7.797900E0	5.651047E-1
7.814600E0	5.648450E-1
7.831200E0	5.645518E-1
7.847800E0	5.641759E-1
7.864600E0	5.638984E-1
7.881300E0	5.635239E-1
7.898000E0	5.630945E-1
7.914700E0	5.628615E-1
7.931400E0	5.625220E-1
7.948100E0	5.621887E-1
7.964800E0	5.619657E-1
7.981500E0	5.614531E-1
7.998200E0	5.612740E-1
8.014900E0	5.610345E-1
8.031600E0	5.606331E-1
8.048300E0	5.603682E-1
8.065000E0	5.599226E-1
8.081700E0	5.595797E-1
8.098400E0	5.593607E-1
8.115100E0	5.589662E-1
8.131800E0	5.587110E-1
8.148500E0	5.584005E-1
8.165200E0	5.579513E-1
8.181900E0	5.577284E-1
8.198600E0	5.574168E-1
8.215300E0	5.570344E-1
8.232000E0	5.567358E-1
8.248700E0	5.563440E-1
8.265400E0	5.560226E-1
8.282100E0	5.557218E-1
8.298800E0	5.553661E-1
8.315500E0	5.550799E-1
8.332200E0	5.548615E-1
8.348900E0	5.543717E-1
8.365600E0	5.541126E-1
8.382300E0	5.537662E-1
8.399000E0	5.534769E-1
8.415700E0	5.531480E-1
8.432400E0	5.527251E-1
8.449100E0	5.524401E-1
8.465800E0	5.521243E-1
8.482500E0	5.517446E-1
8.499200E0	5.515091E-1
8.515900E0	5.510750E-1
8.532600E0	5.506840E-1
8.549200E0	5.504215E-1
8.565800E0	5.500013E-1
8.582600E0	5.497592E-1
8.599300E0	5.493698E-1
8.616000E0	5.488946E-1
8.632700E0	5.486029E-1
8.649400E0	5.482394E-1
8.666100E0	5.479499E-1
8.682800E0	5.475999E-1
8.699500E0	5.471154E-1
8.716200E0	5.468393E-1
8.732900E0	5.464929E-1
8.749600E0	5.461611E-1
8.766300E0	5.458912E-1
8.783000E0	5.454358E-1
8.799700E0	5.452197E-1
8.816400E0	5.447988E-1
8.833100E0	5.445119E-1
8.849800E0	5.441897E-1
8.866500E0	5.437669E-1
8.883200E0	5.434769E-1
8.899900E0	5.432030E-1
8.916600E0	5.428138E-1
8.933300E0	5.425133E-1
8.950000E0	5.421312E-1
8.966700E0	5.418119E-1
8.983400E0	5.414716E-1
9.000100E0	5.410873E-1
9.016800E0	5.408363E-1
9.033500E0	5.405209E-1
9.050200E0	5.401086E-1
9.066900E0	5.398790E-1
9.083600E0	5.394233E-1
9.100300E0	5.391617E-1
9.117000E0	5.388377E-1
9.133700E0	5.384391E-1
9.150400E0	5.381437E-1
9.167100E0	5.377818E-1
9.183800E0	5.374704E-1
9.200500E0	5.371209E-1
9.217200E0	5.367520E-1
9.233900E0	5.364544E-1
9.250600E0	5.361641E-1
9.267300E0	5.358042E-1
9.283900E0	5.354646E-1
9.300500E0	5.351870E-1
9.317300E0	5.348568E-1
9.334000E0	5.345274E-1
9.350700E0	5.341757E-1
9.367400E0	5.338317E-1
9.384100E0	5.334733E-1
9.400800E0	5.331394E-1
9.417500E0	5.327991E-1
9.434200E0	5.325536E-1
9.450900E0	5.321854E-1
9.467600E0	5.319093E-1
9.484300E0	5.315162E-1
9.501000E0	5.311901E-1
9.517700E0	5.308796E-1
9.534400E0	5.304656E-1
9.551100E0	5.302018E-1
9.567800E0	5.298400E-1
9.584500E0	5.295188E-1
9.601200E0	5.291970E-1
9.617900E0	5.288060E-1
9.634600E0	5.284917E-1
9.651300E0	5.281752E-1
9.668000E0	5.276751E-1
9.684700E0	5.274062E-1
9.701400E0	5.270632E-1
9.718100E0	5.266955E-1
9.734800E0	5.263629E-1
9.751500E0	5.259657E-1
9.768200E0	5.256949E-1
9.784900E0	5.253222E-1
9.801600E0	5.249956E-1
9.818300E0	5.246280E-1
9.835000E0	5.242943E-1
9.851700E0	5.239372E-1
9.868400E0	5.235988E-1
9.885100E0	5.232549E-1
9.901800E0	5.229682E-1
9.918500E0	5.225613E-1
9.935200E0	5.221782E-1
9.951900E0	5.218311E-1
9.968600E0	5.214938E-1
9.985300E0	5.212585E-1
1.000200E1	5.208423E-1
1.001860E1	5.204813E-1
1.003520E1	5.201640E-1
1.005200E1	5.198003E-1
1.006870E1	5.194852E-1
1.008540E1	5.190757E-1
1.010210E1	5.187403E-1
1.011880E1	5.183954E-1
1.013550E1	5.180795E-1
1.015220E1	5.177547E-1
1.016890E1	5.173544E-1
1.018560E1	5.169704E-1
1.020230E1	5.166753E-1
1.021900E1	5.163067E-1
1.023570E1	5.159763E-1
1.025240E1	5.156004E-1
1.026910E1	5.152703E-1
1.028580E1	5.149353E-1
1.030250E1	5.145800E-1
1.031920E1	5.142432E-1
1.033590E1	5.138604E-1
1.035260E1	5.135637E-1
1.036930E1	5.132310E-1
1.038600E1	5.128585E-1
1.040270E1	5.125154E-1
1.041940E1	5.122544E-1
1.043610E1	5.118596E-1
1.045280E1	5.115655E-1
1.046950E1	5.111420E-1
1.048620E1	5.108709E-1
1.050290E1	5.105653E-1
1.051960E1	5.101698E-1
1.053630E1	5.098683E-1
1.055300E1	5.095280E-1
1.056970E1	5.092171E-1
1.058640E1	5.088999E-1
1.060310E1	5.085052E-1
1.061980E1	5.082096E-1
1.063650E1	5.079200E-1
1.065320E1	5.074840E-1
1.066990E1	5.071807E-1
1.068660E1	5.068745E-1
1.070330E1	5.065362E-1
1.072000E1	5.061233E-1
1.073670E1	5.058026E-1
1.075330E1	5.054876E-1
1.076990E1	5.051251E-1
1.078670E1	5.048078E-1
1.080340E1	5.044674E-1
1.082010E1	5.040972E-1
1.083680E1	5.038319E-1
1.085350E1	5.034498E-1
1.087020E1	5.030449E-1
1.088690E1	5.027366E-1
1.090360E1	5.023807E-1
1.092030E1	5.021669E-1
1.093700E1	5.016888E-1
1.095370E1	5.013474E-1
1.097040E1	5.010552E-1
1.098710E1	5.006906E-1
1.100380E1	5.003785E-1
1.102050E1	4.999786E-1
1.103720E1	4.995671E-1
1.105390E1	4.992600E-1
1.107060E1	4.989520E-1
1.108730E1	4.986678E-1
1.110400E1	4.983222E-1
1.112070E1	4.980225E-1
1.113740E1	4.976610E-1
1.115410E1	4.972354E-1
1.117080E1	4.969141E-1
1.118750E1	4.965794E-1
1.120420E1	4.962310E-1
1.122090E1	4.958728E-1
1.123760E1	4.954645E-1
1.125430E1	4.951473E-1
1.127100E1	4.947782E-1
1.128770E1	4.945033E-1
1.130440E1	4.940958E-1
1.132110E1	4.937130E-1
1.133780E1	4.934407E-1
1.135450E1	4.930148E-1
1.137120E1	4.926946E-1
1.138790E1	4.923064E-1
1.140460E1	4.919993E-1
1.142130E1	4.916927E-1
1.143800E1	4.913694E-1
1.145470E1	4.909732E-1
1.147140E1	4.906354E-1
1.148800E1	4.902104E-1
1.150460E1	4.899890E-1
1.152140E1	4.895523E-1
1.153810E1	4.892552E-1
1.155480E1	4.888616E-1
1.157150E1	4.885122E-1
1.158820E1	4.882139E-1
1.160490E1	4.878075E-1
1.162160E1	4.874744E-1
1.163830E1	4.871952E-1
1.165500E1	4.867943E-1
1.167170E1	4.864860E-1
1.168840E1	4.861127E-1
1.170510E1	4.857407E-1
1.172180E1	4.853454E-1
1.173850E1	4.850641E-1
1.175520E1	4.847372E-1
1.177190E1	4.843743E-1
1.178860E1	4.839634E-1
1.180530E1	4.836578E-1
1.182200E1	4.833082E-1
1.183870E1	4.829461E-1
1.185540E1	4.825926E-1
1.187210E1	4.821909E-1
1.188880E1	4.819763E-1
1.190550E1	4.815319E-1
1.192220E1	4.812723E-1
1.193890E1	4.809011E-1
1.195560E1	4.804899E-1
1.197230E1	4.802395E-1
1.198900E1	4.798682E-1
1.200570E1	4.795023E-1
1.202240E1	4.791620E-1
1.203910E1	4.788171E-1
1.205580E1	4.784759E-1
1.207250E1	4.781592E-1
1.208920E1	4.777260E-1
1.210590E1	4.773716E-1
1.212260E1	4.770402E-1
1.213930E1	4.766682E-1
1.215600E1	4.763454E-1
1.217270E1	4.759159E-1
1.218940E1	4.755744E-1
1.220610E1	4.752587E-1
1.222270E1	4.748642E-1
1.223930E1	4.744794E-1
1.225610E1	4.740775E-1
1.227280E1	4.737981E-1
1.228950E1	4.734360E-1
1.230620E1	4.730814E-1
1.232290E1	4.727826E-1
1.233960E1	4.723574E-1
1.235630E1	4.719636E-1
1.237300E1	4.716228E-1
1.238970E1	4.712819E-1
1.240640E1	4.709418E-1
1.242310E1	4.705500E-1
1.243980E1	4.701775E-1
1.245650E1	4.699025E-1
1.247320E1	4.694966E-1
1.248990E1	4.691618E-1
1.250660E1	4.687166E-1
1.252330E1	4.684577E-1
1.254000E1	4.680489E-1
1.255670E1	4.677487E-1
1.257340E1	4.673372E-1
1.259010E1	4.669826E-1
1.260680E1	4.666731E-1
1.262350E1	4.662958E-1
1.264020E1	4.659402E-1
1.265690E1	4.655919E-1
1.267360E1	4.651838E-1
1.269030E1	4.648268E-1
1.270700E1	4.644235E-1
1.272370E1	4.641520E-1
1.274040E1	4.637768E-1
1.275710E1	4.633835E-1
1.277380E1	4.631172E-1
1.279050E1	4.627063E-1
1.280720E1	4.623572E-1
1.282390E1	4.619957E-1
1.284060E1	4.616101E-1
1.285730E1	4.612365E-1
1.287400E1	4.608089E-1
1.289070E1	4.604015E-1
1.290740E1	4.600263E-1
1.292410E1	4.597494E-1
1.294080E1	4.594181E-1
1.295740E1	4.589406E-1
1.297400E1	4.585870E-1
1.299080E1	4.582424E-1
1.300750E1	4.578983E-1
1.302420E1	4.575778E-1
1.304090E1	4.571665E-1
1.305760E1	4.567641E-1
1.307430E1	4.564118E-1
1.309100E1	4.560533E-1
1.310770E1	4.557296E-1
1.312440E1	4.553853E-1
1.314110E1	4.549823E-1
1.315780E1	4.546141E-1
1.317450E1	4.542558E-1
1.319120E1	4.539235E-1
1.320790E1	4.535779E-1
1.322460E1	4.532037E-1
1.324130E1	4.528485E-1
1.325800E1	4.524688E-1
1.327470E1	4.521428E-1
1.329140E1	4.517974E-1
1.330810E1	4.513461E-1
1.332480E1	4.510379E-1
1.334150E1	4.507249E-1
1.335820E1	4.502894E-1
1.337490E1	4.500017E-1
1.339160E1	4.495799E-1
1.340830E1	4.492715E-1
1.342500E1	4.489042E-1
1.344170E1	4.485520E-1
1.345840E1	4.482982E-1
1.347510E1	4.478341E-1
1.349180E1	4.474549E-1
1.350850E1	4.471437E-1
1.352520E1	4.467872E-1
1.354190E1	4.464223E-1
1.355860E1	4.460356E-1
1.357530E1	4.457040E-1
1.359200E1	4.453895E-1
1.360870E1	4.450142E-1
1.362540E1	4.446292E-1
1.364210E1	4.442601E-1
1.365880E1	4.439058E-1
1.367550E1	4.435571E-1
1.369210E1	4.432126E-1
1.370870E1	4.428063E-1
1.372550E1	4.424767E-1
1.374220E1	4.420917E-1
1.375890E1	4.416952E-1
1.377560E1	4.414123E-1
1.379230E1	4.410212E-1
1.380900E1	4.406474E-1
1.382570E1	4.403542E-1
1.384240E1	4.399754E-1
1.385910E1	4.397074E-1
1.387580E1	4.392426E-1
1.389250E1	4.388889E-1
1.390920E1	4.385913E-1
1.392590E1	4.381874E-1
1.394260E1	4.379092E-1
1.395930E1	4.374794E-1
1.397600E1	4.371384E-1
1.399270E1	4.368505E-1
1.400940E1	4.364363E-1
1.402610E1	4.361591E-1
1.404280E1	4.357369E-1
1.405950E1	4.353401E-1
1.407620E1	4.350715E-1
1.409290E1	4.346808E-1
1.410960E1	4.343868E-1
1.412630E1	4.340163E-1
1.414300E1	4.335350E-1
1.415970E1	4.332832E-1
1.417640E1	4.329161E-1
1.419310E1	4.325806E-1
1.420980E1	4.321946E-1
1.422650E1	4.317599E-1
1.424320E1	4.315168E-1
1.425990E1	4.310926E-1
1.427660E1	4.307778E-1
1.429330E1	4.304875E-1
1.431000E1	4.299861E-1
1.432670E1	4.296915E-1
1.434340E1	4.293554E-1
1.436010E1	4.290148E-1
1.437680E1	4.286297E-1
1.439350E1	4.281932E-1
1.441020E1	4.279118E-1
1.442680E1	4.275765E-1
1.444340E1	4.272173E-1
1.446020E1	4.268932E-1
1.447690E1	4.264128E-1
1.449360E1	4.261547E-1
1.451030E1	4.257332E-1
1.452700E1	4.254437E-1
1.454370E1	4.251213E-1
1.456040E1	4.246311E-1
1.457710E1	4.243581E-1
1.459380E1	4.240031E-1
1.461050E1	4.236982E-1
1.462720E1	4.233743E-1
1.464390E1	4.228649E-1
1.466060E1	4.225778E-1
1.467730E1	4.222351E-1
1.469400E1	4.219010E-1
1.471070E1	4.215675E-1
1.472740E1	4.210788E-1
1.474410E1	4.207991E-1
1.476080E1	4.204550E-1
1.477750E1	4.201119E-1
1.479420E1	4.197807E-1
1.481090E1	4.192618E-1
1.482760E1	4.190250E-1
1.484430E1	4.186792E-1
1.486100E1	4.183249E-1
1.487770E1	4.179349E-1
1.489440E1	4.175033E-1
1.491110E1	4.172671E-1
1.492780E1	4.168810E-1
1.494450E1	4.165402E-1
1.496120E1	4.162102E-1
1.497790E1	4.156874E-1
1.499460E1	4.154638E-1
1.501130E1	4.150636E-1
1.502800E1	4.147343E-1
1.504470E1	4.143712E-1
1.506140E1	4.139145E-1
1.507810E1	4.136901E-1
1.509480E1	4.133124E-1
1.511150E1	4.130021E-1
1.512820E1	4.126154E-1
1.514490E1	4.121729E-1
1.516150E1	4.119280E-1
1.517810E1	4.115216E-1
1.519490E1	4.112183E-1
1.521160E1	4.108682E-1
1.522830E1	4.104143E-1
1.524500E1	4.101700E-1
1.526170E1	4.097164E-1
1.527840E1	4.094406E-1
1.529510E1	4.090701E-1
1.531180E1	4.085747E-1
1.532850E1	4.083637E-1
1.534520E1	4.079121E-1
1.536190E1	4.076686E-1
1.537860E1	4.072791E-1
1.539530E1	4.068164E-1
1.541200E1	4.065867E-1
1.542870E1	4.061134E-1
1.544540E1	4.059041E-1
1.546210E1	4.054636E-1
1.547880E1	4.050256E-1
1.549550E1	4.048275E-1
1.551220E1	4.043367E-1
1.552890E1	4.041029E-1
1.554560E1	4.036722E-1
1.556230E1	4.032634E-1
1.557900E1	4.030020E-1
1.559570E1	4.025627E-1
1.561240E1	4.023133E-1
1.562910E1	4.019198E-1
1.564580E1	4.014701E-1
1.566250E1	4.012793E-1
1.567920E1	4.007409E-1
1.569590E1	4.005385E-1
1.571260E1	4.001183E-1
1.572930E1	3.997057E-1
1.574600E1	3.994677E-1
1.576270E1	3.989439E-1
1.577940E1	3.987636E-1
1.579610E1	3.982809E-1
1.581280E1	3.979112E-1
1.582950E1	3.976311E-1
1.584620E1	3.972350E-1
1.586290E1	3.969711E-1
1.587960E1	3.964828E-1
1.589620E1	3.961323E-1
1.591280E1	3.958525E-1
1.592960E1	3.954264E-1
1.594630E1	3.951911E-1
1.596300E1	3.947173E-1
1.597970E1	3.943680E-1
1.599640E1	3.940847E-1
1.601310E1	3.935927E-1
1.602980E1	3.934574E-1
1.604650E1	3.929228E-1
1.606320E1	3.925824E-1
1.607990E1	3.922448E-1
1.609660E1	3.919016E-1
1.611330E1	3.916190E-1
1.613000E1	3.911703E-1
1.614670E1	3.908242E-1
1.616340E1	3.904139E-1
1.618010E1	3.899538E-1
1.619680E1	3.896892E-1
1.621350E1	3.892544E-1
1.623020E1	3.889552E-1
1.624690E1	3.885976E-1
1.626360E1	3.881004E-1
1.628030E1	3.878337E-1
1.629700E1	3.873941E-1
1.631370E1	3.871655E-1
1.633040E1	3.867682E-1
1.634710E1	3.863248E-1
1.636380E1	3.860404E-1
1.638050E1	3.855378E-1
1.639720E1	3.852914E-1
1.641390E1	3.849779E-1
1.643060E1	3.844916E-1
1.644730E1	3.842560E-1
1.646400E1	3.837701E-1
1.648070E1	3.835317E-1
1.649740E1	3.831132E-1
1.651410E1	3.826965E-1
1.653080E1	3.824407E-1
1.654750E1	3.818779E-1
1.656420E1	3.816704E-1
1.658090E1	3.812770E-1
1.659760E1	3.809246E-1
1.661420E1	3.806129E-1
1.663080E1	3.800747E-1
1.664760E1	3.798706E-1
1.666430E1	3.794828E-1
1.668100E1	3.791305E-1
1.669770E1	3.788326E-1
1.671440E1	3.782900E-1
1.673110E1	3.781041E-1
1.674780E1	3.777029E-1
1.676450E1	3.773387E-1
1.678120E1	3.770145E-1
1.679790E1	3.764812E-1
1.681460E1	3.763080E-1
1.683130E1	3.759231E-1
1.684800E1	3.756044E-1
1.686470E1	3.751922E-1
1.688140E1	3.747035E-1
1.689810E1	3.745149E-1
1.691480E1	3.740762E-1
1.693150E1	3.737577E-1
1.694820E1	3.733825E-1
1.696490E1	3.728981E-1
1.698160E1	3.727160E-1
1.699830E1	3.722852E-1
1.701500E1	3.720133E-1
1.703170E1	3.715393E-1
1.704840E1	3.711742E-1
1.706510E1	3.709076E-1
1.708180E1	3.704744E-1
1.709850E1	3.702139E-1
1.711520E1	3.697934E-1
1.713190E1	3.694301E-1
1.714860E1	3.690702E-1
1.716530E1	3.685755E-1
1.718200E1	3.682906E-1
1.719870E1	3.678450E-1
1.721540E1	3.675850E-1
1.723210E1	3.671752E-1
1.724880E1	3.667891E-1
1.726550E1	3.664986E-1
1.728220E1	3.660729E-1
1.729890E1	3.657726E-1
1.731560E1	3.653774E-1
1.733230E1	3.649610E-1
1.734890E1	3.647046E-1
1.736550E1	3.641738E-1
1.738230E1	3.638934E-1
1.739900E1	3.634974E-1
1.741570E1	3.631383E-1
1.743240E1	3.628304E-1
1.744910E1	3.622866E-1
1.746580E1	3.620368E-1
1.748250E1	3.616290E-1
1.749920E1	3.613187E-1
1.751590E1	3.609800E-1
1.753260E1	3.605331E-1
1.754930E1	3.602382E-1
1.756600E1	3.598664E-1
1.758270E1	3.595569E-1
1.759940E1	3.591470E-1
1.761610E1	3.586930E-1
1.763280E1	3.584893E-1
1.764950E1	3.580634E-1
1.766620E1	3.577735E-1
1.768290E1	3.573746E-1
1.769960E1	3.569118E-1
1.771630E1	3.567225E-1
1.773300E1	3.562343E-1
1.774970E1	3.560460E-1
1.776640E1	3.555845E-1
1.778310E1	3.551161E-1
1.779980E1	3.549781E-1
1.781650E1	3.544966E-1
1.783320E1	3.541935E-1
1.784990E1	3.537688E-1
1.786660E1	3.534065E-1
1.788330E1	3.531572E-1
1.790000E1	3.527358E-1
1.791670E1	3.524440E-1
1.793340E1	3.520869E-1
1.795010E1	3.516153E-1
1.796680E1	3.513850E-1
1.798350E1	3.509478E-1
1.800020E1	3.506745E-1
1.801690E1	3.502577E-1
1.803360E1	3.498371E-1
1.805030E1	3.495751E-1
1.806700E1	3.492141E-1
1.808360E1	3.488820E-1
1.810020E1	3.485401E-1
1.811700E1	3.480233E-1
1.813370E1	3.478173E-1
1.815040E1	3.474065E-1
1.816710E1	3.471039E-1
1.818380E1	3.467576E-1
1.820050E1	3.462830E-1
1.821720E1	3.460637E-1
1.823390E1	3.456334E-1
1.825060E1	3.453319E-1
1.826730E1	3.449355E-1
1.828400E1	3.444996E-1
1.830070E1	3.442651E-1
1.831740E1	3.438449E-1
1.833410E1	3.435393E-1
1.835080E1	3.431850E-1
1.836750E1	3.426870E-1
1.838420E1	3.425177E-1
1.840090E1	3.420661E-1
1.841760E1	3.417308E-1
1.843430E1	3.414239E-1
1.845100E1	3.409039E-1
1.846770E1	3.406870E-1
1.848440E1	3.402827E-1
1.850110E1	3.399709E-1
1.851780E1	3.396212E-1
1.853450E1	3.391556E-1
1.855120E1	3.389481E-1
1.856790E1	3.384964E-1
1.858460E1	3.382020E-1
1.860130E1	3.378897E-1
1.861800E1	3.373425E-1
1.863470E1	3.371425E-1
1.865140E1	3.367205E-1
1.866810E1	3.364022E-1
1.868480E1	3.360640E-1
1.870150E1	3.355448E-1
1.871820E1	3.353317E-1
1.873490E1	3.349185E-1
1.875160E1	3.346145E-1
1.876830E1	3.342666E-1
1.878500E1	3.337714E-1
1.880170E1	3.335878E-1
1.881830E1	3.332010E-1
1.883490E1	3.328419E-1
1.885170E1	3.325412E-1
1.886840E1	3.320102E-1
1.888510E1	3.318349E-1
1.890180E1	3.313756E-1
1.891850E1	3.310666E-1
1.893520E1	3.307972E-1
1.895190E1	3.302915E-1
1.896860E1	3.300740E-1
1.898530E1	3.296850E-1
1.900200E1	3.293110E-1
1.901870E1	3.289569E-1
1.903540E1	3.284507E-1
1.905210E1	3.282597E-1
1.906880E1	3.278613E-1
1.908550E1	3.274966E-1
1.910220E1	3.271756E-1
1.911890E1	3.266925E-1
1.913560E1	3.264786E-1
1.915230E1	3.260477E-1
1.916900E1	3.257155E-1
1.918570E1	3.254915E-1
1.920240E1	3.249960E-1
1.921910E1	3.247886E-1
1.923580E1	3.243737E-1
1.925250E1	3.239961E-1
1.926920E1	3.236848E-1
1.928590E1	3.232126E-1
1.930260E1	3.230001E-1
1.931930E1	3.226045E-1
1.933600E1	3.221822E-1
1.935270E1	3.218714E-1
1.936940E1	3.213632E-1
1.938610E1	3.211097E-1
1.940280E1	3.207992E-1
1.941950E1	3.203656E-1
1.943620E1	3.200413E-1
1.945290E1	3.195805E-1
1.946960E1	3.193204E-1
1.948630E1	3.189848E-1
1.950300E1	3.185655E-1
1.951970E1	3.182724E-1
1.953640E1	3.177548E-1
1.955300E1	3.176011E-1
1.956960E1	3.172024E-1
1.958640E1	3.167986E-1
1.960310E1	3.165218E-1
1.961980E1	3.159724E-1
1.963650E1	3.157696E-1
1.965320E1	3.153982E-1
1.966990E1	3.150054E-1
1.968660E1	3.147255E-1
1.970330E1	3.141411E-1
1.972000E1	3.139964E-1
1.973670E1	3.136631E-1
1.975340E1	3.132080E-1
1.977010E1	3.129671E-1
1.978680E1	3.123812E-1
1.980350E1	3.121991E-1
1.982020E1	3.118273E-1
1.983690E1	3.114635E-1
1.985360E1	3.111396E-1
1.987030E1	3.106309E-1
1.988700E1	3.103758E-1
1.990370E1	3.099635E-1
1.992040E1	3.096560E-1
1.993710E1	3.093316E-1
1.995380E1	3.088650E-1
1.997050E1	3.086451E-1
1.998720E1	3.081718E-1
2.000390E1	3.079038E-1
2.002060E1	3.075561E-1
2.003730E1	3.070518E-1
2.005400E1	3.068696E-1
2.007070E1	3.064270E-1
2.008740E1	3.061101E-1
2.010410E1	3.057200E-1
2.012080E1	3.052720E-1
2.013750E1	3.050897E-1
2.015420E1	3.045984E-1
2.017090E1	3.043508E-1
2.018760E1	3.039544E-1
2.020430E1	3.034985E-1
2.022100E1	3.032972E-1
2.023770E1	3.028041E-1
2.025440E1	3.025741E-1
2.027110E1	3.021517E-1
2.028770E1	3.017271E-1
2.030430E1	3.015242E-1
2.032110E1	3.010385E-1
2.033780E1	3.008281E-1
2.035450E1	3.003867E-1
2.037120E1	2.999631E-1
2.038790E1	2.997227E-1
2.040460E1	2.992297E-1
2.042130E1	2.989943E-1
2.043800E1	2.986199E-1
2.045470E1	2.981886E-1
2.047140E1	2.979601E-1
2.048810E1	2.974902E-1
2.050480E1	2.972578E-1
2.052150E1	2.967917E-1
2.053820E1	2.964336E-1
2.055490E1	2.961917E-1
2.057160E1	2.957589E-1
2.058830E1	2.954730E-1
2.060500E1	2.950121E-1
2.062170E1	2.946317E-1
2.063840E1	2.943921E-1
2.065510E1	2.939260E-1
2.067180E1	2.937161E-1
2.068850E1	2.932627E-1
2.070520E1	2.928736E-1
2.072190E1	2.926091E-1
2.073860E1	2.920983E-1
2.075530E1	2.918866E-1
2.077200E1	2.914633E-1
2.078870E1	2.911175E-1
2.080540E1	2.908128E-1
2.082210E1	2.903404E-1
2.083880E1	2.901053E-1
2.085550E1	2.896568E-1
2.087220E1	2.893298E-1
2.088890E1	2.889491E-1
2.090560E1	2.885295E-1
2.092230E1	2.883650E-1
2.093900E1	2.878687E-1
2.095570E1	2.874962E-1
2.097240E1	2.872497E-1
2.098910E1	2.867749E-1
2.100580E1	2.865318E-1
2.102240E1	2.861400E-1
2.103900E1	2.857900E-1
2.105580E1	2.854330E-1
2.107250E1	2.849574E-1
2.108920E1	2.847384E-1
2.110590E1	2.842695E-1
2.112260E1	2.839724E-1
2.113930E1	2.836769E-1
2.115600E1	2.831818E-1
2.117270E1	2.829646E-1
2.118940E1	2.824705E-1
2.120610E1	2.822163E-1
2.122280E1	2.817553E-1
2.123950E1	2.813321E-1
2.125620E1	2.810201E-1
2.127290E1	2.805416E-1
2.128960E1	2.803401E-1
2.130630E1	2.798793E-1
2.132300E1	2.794820E-1
2.133970E1	2.790652E-1
2.135640E1	2.786062E-1
2.137310E1	2.783793E-1
2.138980E1	2.779443E-1
2.140650E1	2.776157E-1
2.142320E1	2.771947E-1
2.143990E1	2.767831E-1
2.145660E1	2.765442E-1
2.147330E1	2.759817E-1
2.149000E1	2.757573E-1
2.150670E1	2.753025E-1
2.152340E1	2.749928E-1
2.154010E1	2.746454E-1
2.155680E1	2.741203E-1
2.157350E1	2.737983E-1
2.159020E1	2.733277E-1
2.160690E1	2.730863E-1
2.162360E1	2.727199E-1
2.164030E1	2.722682E-1
2.165700E1	2.719086E-1
2.167370E1	2.714426E-1
2.169040E1	2.712270E-1
2.170710E1	2.707426E-1
2.172380E1	2.704592E-1
2.174050E1	2.700698E-1
2.175710E1	2.696510E-1
2.177370E1	2.693817E-1
2.179050E1	2.689134E-1
2.180720E1	2.686852E-1
2.182390E1	2.682828E-1
2.184060E1	2.678976E-1
2.185730E1	2.675971E-1
2.187400E1	2.671751E-1
2.189070E1	2.669405E-1
2.190740E1	2.664798E-1
2.192410E1	2.661217E-1
2.194080E1	2.657990E-1
2.195750E1	2.653882E-1
2.197420E1	2.651506E-1
2.199090E1	2.646522E-1
2.200760E1	2.643788E-1
2.202430E1	2.640144E-1
2.204100E1	2.636108E-1
2.205770E1	2.633503E-1
2.207440E1	2.628653E-1
2.209110E1	2.626019E-1
2.210780E1	2.621883E-1
2.212450E1	2.617312E-1
2.214120E1	2.614290E-1
2.215790E1	2.609833E-1
2.217460E1	2.607426E-1
2.219130E1	2.603589E-1
2.220800E1	2.599655E-1
2.222470E1	2.595828E-1
2.224140E1	2.591536E-1
2.225810E1	2.589589E-1
2.227480E1	2.585723E-1
2.229150E1	2.581168E-1
2.230820E1	2.578081E-1
2.232490E1	2.574350E-1
2.234160E1	2.571697E-1
2.235830E1	2.567541E-1
2.237500E1	2.563686E-1
2.239170E1	2.560446E-1
2.240840E1	2.556564E-1
2.242510E1	2.553962E-1
2.244180E1	2.549883E-1
2.245850E1	2.545511E-1
2.247520E1	2.542275E-1
2.249180E1	2.537976E-1
2.250840E1	2.536128E-1
2.252520E1	2.531745E-1
2.254190E1	2.528117E-1
2.255860E1	2.523644E-1
2.257530E1	2.519228E-1
2.259200E1	2.517010E-1
2.260870E1	2.512725E-1
2.262540E1	2.508986E-1
2.264210E1	2.505595E-1
2.265880E1	2.500665E-1
2.267550E1	2.498969E-1
2.269220E1	2.494977E-1
2.270890E1	2.491242E-1
2.272560E1	2.487703E-1
2.274230E1	2.482765E-1
2.275900E1	2.480656E-1
2.277570E1	2.475866E-1
2.279240E1	2.473118E-1
2.280910E1	2.469126E-1
2.282580E1	2.464831E-1
2.284250E1	2.462724E-1
2.285920E1	2.458177E-1
2.287590E1	2.455447E-1
2.289260E1	2.451328E-1
2.290930E1	2.446951E-1
2.292600E1	2.444701E-1
2.294270E1	2.440054E-1
2.295940E1	2.437249E-1
2.297610E1	2.433280E-1
2.299280E1	2.429745E-1
2.300950E1	2.425993E-1
2.302620E1	2.420946E-1
2.304290E1	2.417451E-1
2.305960E1	2.413188E-1
2.307630E1	2.411394E-1
2.309300E1	2.406810E-1
2.310970E1	2.402648E-1
2.312640E1	2.398868E-1
2.314310E1	2.394289E-1
2.315980E1	2.391506E-1
2.317650E1	2.387506E-1
2.319320E1	2.384319E-1
2.320990E1	2.379971E-1
2.322650E1	2.376126E-1
2.324310E1	2.373069E-1
2.325990E1	2.369152E-1
2.327660E1	2.365850E-1
2.329330E1	2.361917E-1
2.331000E1	2.358038E-1
2.332670E1	2.355189E-1
2.334340E1	2.351362E-1
2.336010E1	2.348140E-1
2.337680E1	2.343606E-1
2.339350E1	2.340492E-1
2.341020E1	2.336187E-1
2.342690E1	2.332211E-1
2.344360E1	2.328236E-1
2.346030E1	2.324134E-1
2.347700E1	2.321889E-1
2.349370E1	2.317509E-1
2.351040E1	2.313880E-1
2.352710E1	2.309362E-1
2.354380E1	2.305228E-1
2.356050E1	2.302414E-1
2.357720E1	2.298758E-1
2.359390E1	2.295277E-1
2.361060E1	2.291196E-1
2.362730E1	2.287235E-1
2.364400E1	2.284773E-1
2.366070E1	2.280326E-1
2.367740E1	2.277143E-1
2.369410E1	2.273623E-1
2.371080E1	2.269041E-1
2.372750E1	2.266841E-1
2.374420E1	2.262833E-1
2.376090E1	2.259809E-1
2.377760E1	2.255423E-1
2.379430E1	2.251711E-1
2.381100E1	2.248841E-1
2.382770E1	2.245088E-1
2.384440E1	2.241541E-1
2.386110E1	2.237896E-1
2.387780E1	2.233860E-1
2.389450E1	2.230756E-1
2.391120E1	2.226946E-1
2.392790E1	2.224160E-1
2.394460E1	2.220016E-1
2.396120E1	2.216067E-1
2.397780E1	2.213182E-1
2.399460E1	2.208886E-1
2.401130E1	2.206229E-1
2.402800E1	2.201542E-1
2.404470E1	2.197829E-1
2.406140E1	2.195776E-1
2.407810E1	2.191679E-1
2.409480E1	2.188839E-1
2.411150E1	2.184269E-1
2.412820E1	2.180529E-1
2.414490E1	2.177822E-1
2.416160E1	2.173662E-1
2.417830E1	2.170449E-1
2.419500E1	2.166453E-1
2.421170E1	2.162475E-1
2.422840E1	2.159926E-1
2.424510E1	2.155697E-1
2.426180E1	2.153068E-1
2.427850E1	2.148643E-1
2.429520E1	2.144441E-1
2.431190E1	2.141400E-1
2.432860E1	2.137338E-1
2.434530E1	2.134702E-1
2.436200E1	2.130738E-1
2.437870E1	2.126951E-1
2.439540E1	2.123698E-1
2.441210E1	2.120273E-1
2.442880E1	2.116807E-1
2.444550E1	2.112843E-1
2.446220E1	2.109148E-1
2.447890E1	2.105264E-1
2.449560E1	2.100707E-1
2.451230E1	2.096805E-1
2.452900E1	2.093143E-1
2.454570E1	2.090546E-1
2.456240E1	2.086101E-1
2.457910E1	2.082524E-1
2.459580E1	2.078666E-1
2.461250E1	2.073562E-1
2.462920E1	2.070561E-1
2.464590E1	2.066681E-1
2.466260E1	2.063425E-1
2.467930E1	2.059271E-1
2.469590E1	2.055417E-1
2.471250E1	2.051918E-1
2.472930E1	2.046767E-1
2.474600E1	2.043114E-1
2.476270E1	2.038210E-1
2.477940E1	2.035541E-1
2.479610E1	2.031839E-1
2.481280E1	2.027527E-1
2.482950E1	2.023908E-1
2.484620E1	2.019471E-1
2.486290E1	2.016678E-1
2.487960E1	2.013154E-1
2.489630E1	2.009830E-1
2.491300E1	2.005606E-1
2.492970E1	2.001847E-1
2.494640E1	1.998681E-1
2.496310E1	1.993465E-1
2.497980E1	1.989719E-1
2.499650E1	1.985522E-1
2.501320E1	1.982242E-1
2.502990E1	1.978878E-1
2.504660E1	1.974828E-1
2.506330E1	1.970781E-1
2.508000E1	1.966805E-1
2.509670E1	1.963827E-1
2.511340E1	1.959899E-1
2.513010E1	1.956408E-1
2.514680E1	1.952813E-1
2.516350E1	1.948769E-1
2.518020E1	1.946085E-1
2.519690E1	1.941997E-1
2.521360E1	1.938914E-1
2.523030E1	1.934740E-1
2.524700E1	1.930537E-1
2.526370E1	1.928174E-1
2.528040E1	1.924202E-1
2.529710E1	1.920906E-1
2.531380E1	1.916880E-1
2.533050E1	1.912780E-1
2.534720E1	1.910016E-1
2.536390E1	1.906250E-1
2.538060E1	1.902962E-1
2.539730E1	1.899440E-1
2.541400E1	1.895330E-1
2.543060E1	1.892505E-1
2.544720E1	1.888619E-1
2.546400E1	1.885286E-1
2.548070E1	1.881606E-1
2.549740E1	1.877567E-1
2.551410E1	1.874782E-1
2.553080E1	1.870708E-1
2.554750E1	1.867443E-1
2.556420E1	1.863831E-1
2.558090E1	1.859634E-1
2.559760E1	1.857141E-1
2.561430E1	1.852822E-1
2.563100E1	1.849845E-1
2.564770E1	1.845545E-1
2.566440E1	1.841633E-1
2.568110E1	1.838349E-1
2.569780E1	1.833788E-1
2.571450E1	1.829745E-1
2.573120E1	1.826076E-1
2.574790E1	1.823190E-1
2.576460E1	1.819782E-1
2.578130E1	1.815366E-1
2.579800E1	1.811726E-1
2.581470E1	1.807802E-1
2.583140E1	1.804556E-1
2.584810E1	1.800775E-1
2.586480E1	1.796569E-1
2.588150E1	1.792460E-1
2.589820E1	1.788872E-1
2.591490E1	1.785968E-1
2.593160E1	1.782199E-1
2.594830E1	1.778794E-1
2.596500E1	1.774697E-1
2.598170E1	1.770821E-1
2.599840E1	1.767980E-1
2.601510E1	1.764053E-1
2.603180E1	1.760378E-1
2.604850E1	1.756940E-1
2.606520E1	1.752668E-1
2.608190E1	1.749232E-1
2.609860E1	1.744600E-1
2.611530E1	1.740780E-1
2.613200E1	1.737033E-1
2.614860E1	1.733713E-1
2.616520E1	1.729999E-1
2.618200E1	1.726013E-1
2.619870E1	1.722072E-1
2.621540E1	1.717250E-1
2.623210E1	1.714378E-1
2.624880E1	1.711006E-1
2.626550E1	1.707024E-1
2.628220E1	1.703315E-1
2.629890E1	1.699068E-1
2.631560E1	1.696004E-1
2.633230E1	1.691394E-1
2.634900E1	1.688159E-1
2.636570E1	1.683936E-1
2.638240E1	1.680276E-1
2.639910E1	1.677104E-1
2.641580E1	1.672182E-1
2.643250E1	1.669106E-1
2.644920E1	1.664449E-1
2.646590E1	1.661105E-1
2.648260E1	1.657795E-1
2.649930E1	1.653879E-1
2.651600E1	1.649832E-1
2.653270E1	1.645540E-1
2.654940E1	1.642396E-1
2.656610E1	1.637788E-1
2.658280E1	1.634047E-1
2.659950E1	1.630283E-1
2.661620E1	1.626851E-1
2.663290E1	1.622959E-1
2.664960E1	1.619380E-1
2.666630E1	1.615521E-1
2.668300E1	1.611106E-1
2.669970E1	1.607470E-1
2.671640E1	1.604198E-1
2.673310E1	1.600866E-1
2.674980E1	1.596464E-1
2.676650E1	1.593374E-1
2.678320E1	1.589106E-1
2.679990E1	1.586300E-1
2.681660E1	1.583217E-1
2.683330E1	1.578990E-1
2.685000E1	1.574218E-1
2.686670E1	1.572322E-1
2.688330E1	1.568970E-1
2.689990E1	1.564643E-1
2.691670E1	1.560846E-1
2.693340E1	1.556889E-1
2.695010E1	1.553821E-1
2.696680E1	1.550553E-1
2.698350E1	1.547367E-1
2.700020E1	1.543561E-1
2.701690E1	1.538602E-1
2.703360E1	1.536444E-1
2.705030E1	1.533530E-1
2.706700E1	1.529963E-1
2.708370E1	1.525657E-1
2.710040E1	1.521989E-1
2.711710E1	1.519274E-1
2.713380E1	1.515445E-1
2.715050E1	1.512188E-1
2.716720E1	1.509045E-1
2.718390E1	1.505194E-1
2.720060E1	1.502897E-1
2.721730E1	1.499020E-1
2.723400E1	1.495338E-1
2.725070E1	1.492255E-1
2.726740E1	1.487717E-1
2.728410E1	1.484850E-1
2.730080E1	1.483344E-1
2.731750E1	1.479719E-1
2.733420E1	1.476397E-1
2.735090E1	1.471462E-1
2.736760E1	1.468522E-1
2.738430E1	1.465988E-1
2.740100E1	1.462553E-1
2.741770E1	1.459377E-1
2.743440E1	1.454518E-1
2.745110E1	1.450695E-1
2.746780E1	1.448928E-1
2.748450E1	1.444675E-1
2.750120E1	1.441518E-1
2.751790E1	1.436920E-1
2.753460E1	1.432479E-1
2.755130E1	1.430818E-1
2.756800E1	1.426615E-1
2.758470E1	1.423295E-1
2.760140E1	1.419248E-1
2.761800E1	1.414260E-1
2.763460E1	1.412918E-1
2.765140E1	1.409053E-1
2.766810E1	1.405379E-1
2.768480E1	1.400990E-1
2.770150E1	1.396353E-1
2.771820E1	1.395087E-1
2.773490E1	1.390745E-1
2.775160E1	1.387063E-1
2.776830E1	1.383323E-1
2.778500E1	1.378525E-1
2.780170E1	1.376248E-1
2.781840E1	1.372619E-1
2.783510E1	1.369599E-1
2.785180E1	1.364474E-1
2.786850E1	1.360154E-1
2.788520E1	1.356772E-1
2.790190E1	1.352247E-1
2.791860E1	1.350194E-1
2.793530E1	1.346002E-1
2.795200E1	1.341929E-1
2.796870E1	1.341160E-1
2.798540E1	1.336118E-1
2.800210E1	1.333286E-1
2.801880E1	1.328712E-1
2.803550E1	1.325236E-1
2.805220E1	1.320742E-1
2.806890E1	1.316364E-1
2.808560E1	1.314782E-1
2.810230E1	1.310191E-1
2.811900E1	1.306954E-1
2.813570E1	1.302238E-1
2.815240E1	1.298657E-1
2.816910E1	1.293998E-1
2.818580E1	1.289822E-1
2.820250E1	1.286139E-1
2.821920E1	1.281574E-1
2.823590E1	1.278891E-1
2.825260E1	1.273617E-1
2.826930E1	1.270599E-1
2.828600E1	1.267342E-1
2.830270E1	1.262809E-1
2.831940E1	1.260107E-1
2.833610E1	1.255507E-1
2.835270E1	1.252539E-1
2.836930E1	1.248964E-1
2.838610E1	1.245292E-1
2.840280E1	1.241422E-1
2.841950E1	1.237461E-1
2.843620E1	1.234617E-1
2.845290E1	1.230758E-1
2.846960E1	1.228265E-1
2.848630E1	1.224254E-1
2.850300E1	1.220177E-1
2.851970E1	1.217740E-1
2.853640E1	1.213964E-1
2.855310E1	1.210173E-1
2.856980E1	1.206415E-1
2.858650E1	1.203553E-1
2.860320E1	1.200495E-1
2.861990E1	1.197011E-1
2.863660E1	1.193464E-1
2.865330E1	1.189940E-1
2.867000E1	1.186534E-1
2.868670E1	1.183964E-1
2.870340E1	1.180724E-1
2.872010E1	1.177793E-1
2.873680E1	1.174538E-1
2.875350E1	1.168673E-1
2.877020E1	1.168074E-1
2.878690E1	1.162339E-1
2.880360E1	1.159247E-1
2.882030E1	1.156131E-1
2.883700E1	1.152258E-1
2.885370E1	1.149034E-1
2.887040E1	1.146842E-1
2.888710E1	1.142787E-1
2.890380E1	1.137041E-1
2.892050E1	1.133938E-1
2.893720E1	1.130067E-1
2.895390E1	1.127011E-1
2.897060E1	1.124305E-1
2.898730E1	1.120584E-1
2.900400E1	1.116595E-1
2.902070E1	1.113279E-1
2.903740E1	1.110070E-1
2.905410E1	1.107051E-1
2.907080E1	1.103963E-1
2.908740E1	1.100424E-1
2.910400E1	1.097554E-1
2.912080E1	1.093611E-1
2.913750E1	1.090542E-1
