0.000000E0	6.966857E-1
1.670000E-2	6.966204E-1
3.340000E-2	6.965412E-1
5.010000E-2	6.964676E-1
6.680000E-2	6.963706E-1
8.350000E-2	6.961420E-1
1.002000E-1	6.960121E-1
1.169000E-1	6.957936E-1
1.336000E-1	6.959560E-1
1.503000E-1	6.957801E-1
1.670000E-1	6.956960E-1
1.837000E-1	6.955631E-1
2.004000E-1	6.953341E-1
2.171000E-1	6.951721E-1
2.338000E-1	6.950796E-1
2.505000E-1	6.949078E-1
2.672000E-1	6.947756E-1
2.839000E-1	6.946812E-1
3.006000E-1	6.944341E-1
3.173000E-1	6.943976E-1
3.340000E-1	6.942985E-1
3.507000E-1	6.941658E-1
3.674000E-1	6.939274E-1
3.841000E-1	6.939257E-1
4.008000E-1	6.939038E-1
4.175000E-1	6.933445E-1
4.342000E-1	6.932303E-1
4.509000E-1	6.931524E-1
4.676000E-1	6.931175E-1
4.843000E-1	6.930291E-1
5.010000E-1	6.930569E-1
5.176000E-1	6.930344E-1
5.342000E-1	6.929972E-1
5.510000E-1	6.927185E-1
5.677000E-1	6.923750E-1
5.844000E-1	6.922530E-1
6.011000E-1	6.922220E-1
6.178000E-1	6.921710E-1
6.345000E-1	6.921599E-1
6.512000E-1	6.921466E-1
6.679000E-1	6.920333E-1
6.846000E-1	6.918554E-1
7.013000E-1	6.917005E-1
7.180000E-1	6.916133E-1
7.347000E-1	6.915399E-1
7.514000E-1	6.913759E-1
7.681000E-1	6.913463E-1
7.848000E-1	6.912572E-1
8.015000E-1	6.911502E-1
8.182000E-1	6.908778E-1
8.349000E-1	6.907126E-1
8.516000E-1	6.904576E-1
8.683000E-1	6.903648E-1
8.850000E-1	6.904416E-1
9.017000E-1	6.902257E-1
9.184000E-1	6.900657E-1
9.351000E-1	6.899855E-1
9.518000E-1	6.898404E-1
9.685000E-1	6.895485E-1
9.852000E-1	6.892930E-1
1.001900E0	6.889874E-1
1.018600E0	6.887364E-1
1.035300E0	6.886630E-1
1.052000E0	6.884599E-1
1.068700E0	6.882513E-1
1.085400E0	6.881592E-1
1.102100E0	6.879469E-1
1.118800E0	6.878222E-1
1.135500E0	6.877280E-1
1.152200E0	6.874492E-1
1.168800E0	6.872641E-1
1.185400E0	6.867950E-1
1.202200E0	6.865528E-1
1.218900E0	6.865062E-1
1.235600E0	6.864534E-1
1.252300E0	6.864878E-1
1.269000E0	6.864422E-1
1.285700E0	6.863250E-1
1.302400E0	6.860757E-1
1.319100E0	6.860166E-1
1.335800E0	6.853763E-1
1.352500E0	6.853107E-1
1.369200E0	6.852360E-1
1.385900E0	6.851877E-1
1.402600E0	6.851868E-1
1.419300E0	6.850741E-1
1.436000E0	6.848412E-1
1.452700E0	6.847081E-1
1.469400E0	6.845964E-1
1.486100E0	6.843953E-1
1.502800E0	6.842696E-1
1.519500E0	6.841704E-1
1.536200E0	6.838623E-1
1.552900E0	6.836127E-1
1.569600E0	6.835038E-1
1.586300E0	6.832754E-1
1.603000E0	6.831290E-1
1.619700E0	6.829874E-1
1.636400E0	6.828499E-1
1.653100E0	6.826459E-1
1.669800E0	6.823199E-1
1.686500E0	6.821887E-1
1.703200E0	6.818398E-1
1.719900E0	6.817106E-1
1.736600E0	6.815944E-1
1.753300E0	6.813365E-1
1.770000E0	6.810031E-1
1.786700E0	6.807643E-1
1.803400E0	6.806314E-1
1.820100E0	6.803976E-1
1.836800E0	6.801777E-1
1.853500E0	6.799809E-1
1.870200E0	6.798126E-1
1.886900E0	6.795171E-1
1.903500E0	6.792698E-1
1.920100E0	6.790542E-1
1.936900E0	6.789580E-1
1.953600E0	6.783941E-1
1.970300E0	6.782682E-1
1.987000E0	6.782135E-1
2.003700E0	6.781614E-1
2.020400E0	6.779445E-1
2.037100E0	6.776609E-1
2.053800E0	6.774641E-1
2.070500E0	6.773987E-1
2.087200E0	6.773031E-1
2.103900E0	6.769645E-1
2.120600E0	6.767873E-1
2.137300E0	6.765677E-1
2.154000E0	6.764032E-1
2.170700E0	6.762138E-1
2.187400E0	6.759814E-1
2.204100E0	6.759901E-1
2.220800E0	6.758852E-1
2.237500E0	6.756985E-1
2.254200E0	6.754547E-1
2.270900E0	6.751650E-1
2.287600E0	6.749834E-1
2.304300E0	6.749147E-1
2.321000E0	6.748247E-1
2.337700E0	6.748482E-1
2.354400E0	6.746791E-1
2.371100E0	6.741688E-1
2.387800E0	6.739342E-1
2.404500E0	6.738768E-1
2.421200E0	6.737720E-1
2.437900E0	6.737900E-1
2.454600E0	6.732686E-1
2.471300E0	6.730028E-1
2.488000E0	6.724532E-1
2.504700E0	6.722626E-1
2.521400E0	6.723763E-1
2.538100E0	6.724085E-1
2.554800E0	6.721404E-1
2.571500E0	6.717775E-1
2.588200E0	6.710659E-1
2.604900E0	6.704336E-1
2.621600E0	6.703349E-1
2.638200E0	6.704056E-1
2.654800E0	6.705586E-1
2.671600E0	6.704148E-1
2.688300E0	6.700300E-1
2.705000E0	6.696228E-1
2.721700E0	6.691488E-1
2.738400E0	6.690715E-1
2.755100E0	6.690577E-1
2.771800E0	6.688683E-1
2.788500E0	6.683678E-1
2.805200E0	6.678999E-1
2.821900E0	6.677299E-1
2.838600E0	6.678111E-1
2.855300E0	6.678521E-1
2.872000E0	6.678427E-1
2.888700E0	6.674704E-1
2.905400E0	6.667245E-1
2.922100E0	6.662482E-1
2.938800E0	6.660903E-1
2.955500E0	6.660522E-1
2.972200E0	6.661034E-1
2.988900E0	6.659736E-1
3.005600E0	6.655902E-1
3.022300E0	6.652956E-1
3.039000E0	6.651943E-1
3.055700E0	6.651458E-1
3.072400E0	6.651142E-1
3.089100E0	6.650114E-1
3.105800E0	6.646247E-1
3.122500E0	6.640094E-1
3.139200E0	6.638121E-1
3.155900E0	6.656003E-1
3.172600E0	6.657420E-1
3.189300E0	6.656602E-1
3.206000E0	6.652468E-1
3.222700E0	6.647231E-1
3.239400E0	6.644709E-1
3.256100E0	6.641163E-1
3.272800E0	6.641463E-1
3.289500E0	6.642101E-1
3.306200E0	6.641400E-1
3.322900E0	6.639294E-1
3.339600E0	6.633304E-1
3.356300E0	6.632127E-1
3.372900E0	6.631781E-1
3.389500E0	6.630176E-1
3.406300E0	6.627606E-1
3.423000E0	6.623471E-1
3.439700E0	6.618257E-1
3.456400E0	6.615295E-1
3.473100E0	6.615070E-1
3.489800E0	6.615174E-1
3.506500E0	6.613992E-1
3.523200E0	6.609232E-1
3.539900E0	6.606101E-1
3.556600E0	6.600960E-1
3.573300E0	6.598056E-1
3.590000E0	6.597630E-1
3.606700E0	6.597525E-1
3.623400E0	6.593713E-1
3.640100E0	6.590221E-1
3.656800E0	6.587065E-1
3.673500E0	6.582813E-1
3.690200E0	6.581578E-1
3.706900E0	6.581051E-1
3.723600E0	6.579745E-1
3.740300E0	6.575067E-1
3.757000E0	6.571778E-1
3.773700E0	6.568720E-1
3.790400E0	6.567198E-1
3.807100E0	6.566874E-1
3.823800E0	6.565394E-1
3.840500E0	6.562901E-1
3.857200E0	6.559058E-1
3.873900E0	6.555570E-1
3.890600E0	6.554499E-1
3.907300E0	6.554833E-1
3.924000E0	6.555424E-1
3.940700E0	6.554431E-1
3.957400E0	6.549091E-1
3.974100E0	6.545000E-1
3.990800E0	6.541816E-1
4.007500E0	6.540910E-1
4.024200E0	6.541701E-1
4.040900E0	6.541302E-1
4.057600E0	6.538556E-1
4.074300E0	6.533960E-1
4.091000E0	6.531036E-1
4.107600E0	6.529639E-1
4.124200E0	6.529046E-1
4.141000E0	6.528254E-1
4.157700E0	6.524577E-1
4.174400E0	6.520712E-1
4.191100E0	6.516964E-1
4.207800E0	6.513889E-1
4.224500E0	6.513298E-1
4.241200E0	6.511881E-1
4.257900E0	6.509976E-1
4.274600E0	6.505180E-1
4.291300E0	6.501439E-1
4.308000E0	6.497425E-1
4.324700E0	6.496046E-1
4.341400E0	6.494584E-1
4.358100E0	6.492968E-1
4.374800E0	6.490016E-1
4.391500E0	6.485388E-1
4.408200E0	6.481472E-1
4.424900E0	6.479390E-1
4.441600E0	6.478583E-1
4.458300E0	6.476619E-1
4.475000E0	6.473503E-1
4.491700E0	6.468502E-1
4.508400E0	6.464529E-1
4.525100E0	6.461880E-1
4.541800E0	6.460118E-1
4.558500E0	6.459219E-1
4.575200E0	6.457926E-1
4.591900E0	6.453671E-1
4.608600E0	6.448814E-1
4.625300E0	6.446486E-1
4.642000E0	6.444791E-1
4.658700E0	6.443771E-1
4.675400E0	6.442142E-1
4.692100E0	6.439457E-1
4.708800E0	6.434263E-1
4.725500E0	6.431101E-1
4.742200E0	6.429061E-1
4.758900E0	6.427617E-1
4.775600E0	6.427119E-1
4.792300E0	6.425004E-1
4.809000E0	6.422384E-1
4.825700E0	6.417049E-1
4.842300E0	6.414776E-1
4.858900E0	6.414455E-1
4.875700E0	6.413818E-1
4.892400E0	6.411514E-1
4.909100E0	6.407722E-1
4.925800E0	6.405084E-1
4.942500E0	6.402696E-1
4.959200E0	6.401076E-1
4.975900E0	6.399923E-1
4.992600E0	6.397795E-1
5.009300E0	6.395854E-1
5.026000E0	6.391128E-1
5.042700E0	6.387428E-1
5.059400E0	6.384579E-1
5.076100E0	6.382532E-1
5.092800E0	6.381517E-1
5.109500E0	6.378408E-1
5.126200E0	6.374440E-1
5.142900E0	6.370042E-1
5.159600E0	6.366480E-1
5.176300E0	6.364502E-1
5.193000E0	6.362880E-1
5.209700E0	6.360696E-1
5.226400E0	6.356912E-1
5.243100E0	6.352260E-1
5.259800E0	6.348338E-1
5.276500E0	6.345604E-1
5.293200E0	6.343684E-1
5.309900E0	6.341805E-1
5.326600E0	6.338744E-1
5.343300E0	6.333608E-1
5.360000E0	6.330303E-1
5.376700E0	6.325825E-1
5.393400E0	6.324199E-1
5.410100E0	6.321901E-1
5.426800E0	6.318994E-1
5.443500E0	6.315359E-1
5.460200E0	6.311682E-1
5.476900E0	6.308942E-1
5.493600E0	6.306094E-1
5.510300E0	6.305515E-1
5.527000E0	6.301787E-1
5.543700E0	6.299478E-1
5.560400E0	6.294955E-1
5.577000E0	6.290946E-1
5.593600E0	6.289120E-1
5.610400E0	6.288289E-1
5.627100E0	6.287407E-1
5.643800E0	6.284254E-1
5.660500E0	6.280747E-1
5.677200E0	6.277593E-1
5.693900E0	6.274219E-1
5.710600E0	6.272895E-1
5.727300E0	6.271660E-1
5.744000E0	6.271029E-1
5.760700E0	6.266124E-1
5.777400E0	6.263977E-1
5.794100E0	6.259826E-1
5.810800E0	6.257561E-1
5.827500E0	6.257300E-1
5.844200E0	6.256179E-1
5.860900E0	6.253696E-1
5.877600E0	6.249173E-1
5.894300E0	6.246207E-1
5.911000E0	6.242774E-1
5.927700E0	6.240771E-1
5.944400E0	6.239898E-1
5.961100E0	6.238912E-1
5.977800E0	6.234705E-1
5.994500E0	6.229971E-1
6.011200E0	6.226674E-1
6.027900E0	6.224714E-1
6.044600E0	6.222250E-1
6.061300E0	6.220808E-1
6.078000E0	6.218396E-1
6.094700E0	6.213251E-1
6.111400E0	6.210339E-1
6.128100E0	6.207819E-1
6.144800E0	6.205673E-1
6.161500E0	6.204052E-1
6.178200E0	6.200216E-1
6.194900E0	6.196212E-1
6.211600E0	6.192833E-1
6.228300E0	6.188730E-1
6.245000E0	6.186951E-1
6.261700E0	6.186224E-1
6.278400E0	6.182558E-1
6.295100E0	6.179345E-1
6.311800E0	6.175064E-1
6.328400E0	6.171325E-1
6.345000E0	6.168697E-1
6.361800E0	6.165444E-1
6.378500E0	6.163591E-1
6.395200E0	6.160715E-1
6.411900E0	6.155806E-1
6.428600E0	6.152312E-1
6.445300E0	6.150852E-1
6.462000E0	6.146609E-1
6.478700E0	6.144600E-1
6.495400E0	6.142869E-1
6.512100E0	6.138181E-1
6.528800E0	6.134155E-1
6.545500E0	6.130873E-1
6.562200E0	6.128766E-1
6.578900E0	6.127312E-1
6.595600E0	6.125510E-1
6.612300E0	6.122012E-1
6.629000E0	6.118476E-1
6.645700E0	6.115430E-1
6.662400E0	6.113251E-1
6.679100E0	6.111328E-1
6.695800E0	6.109686E-1
6.712500E0	6.106769E-1
6.729200E0	6.102733E-1
6.745900E0	6.099363E-1
6.762600E0	6.096754E-1
6.779300E0	6.094200E-1
6.796000E0	6.091609E-1
6.812700E0	6.090776E-1
6.829400E0	6.088336E-1
6.846100E0	6.084031E-1
6.862800E0	6.081284E-1
6.879500E0	6.078351E-1
6.896200E0	6.075838E-1
6.912900E0	6.073638E-1
6.929600E0	6.071372E-1
6.946300E0	6.067585E-1
6.963000E0	6.063978E-1
6.979700E0	6.060355E-1
6.996400E0	6.058211E-1
7.013100E0	6.055597E-1
7.029800E0	6.052858E-1
7.046500E0	6.048275E-1
7.063100E0	6.045087E-1
7.079700E0	6.042425E-1
7.096500E0	6.038954E-1
7.113200E0	6.036809E-1
7.129900E0	6.034242E-1
7.146600E0	6.030479E-1
7.163300E0	6.026333E-1
7.180000E0	6.023039E-1
7.196700E0	6.019474E-1
7.213400E0	6.017037E-1
7.230100E0	6.015221E-1
7.246800E0	6.011575E-1
7.263500E0	6.008064E-1
7.280200E0	6.003480E-1
7.296900E0	6.000542E-1
7.313600E0	5.997749E-1
7.330300E0	5.993684E-1
7.347000E0	5.990913E-1
7.363700E0	5.987303E-1
7.380400E0	5.984293E-1
7.397100E0	5.980230E-1
7.413800E0	5.977520E-1
7.430500E0	5.975328E-1
7.447200E0	5.972845E-1
7.463900E0	5.969506E-1
7.480600E0	5.964976E-1
7.497300E0	5.961683E-1
7.514000E0	5.958636E-1
7.530700E0	5.955794E-1
7.547400E0	5.954190E-1
7.564100E0	5.951396E-1
7.580800E0	5.947921E-1
7.597500E0	5.945319E-1
7.614200E0	5.941361E-1
7.630900E0	5.938500E-1
7.647600E0	5.936552E-1
7.664300E0	5.933767E-1
7.681000E0	5.930596E-1
7.697700E0	5.927780E-1
7.714400E0	5.924463E-1
7.731100E0	5.921445E-1
7.747800E0	5.919208E-1
7.764500E0	5.917154E-1
7.781200E0	5.914531E-1
7.797800E0	5.910635E-1
7.814400E0	5.907578E-1
7.831200E0	5.904383E-1
7.847900E0	5.901714E-1
7.864600E0	5.900013E-1
7.881300E0	5.898078E-1
7.898000E0	5.893903E-1
7.914700E0	5.890749E-1
7.931400E0	5.887852E-1
7.948100E0	5.884017E-1
7.964800E0	5.881887E-1
7.981500E0	5.879201E-1
7.998200E0	5.875977E-1
8.014900E0	5.873248E-1
8.031600E0	5.869288E-1
8.048300E0	5.866400E-1
8.065000E0	5.864027E-1
8.081700E0	5.861489E-1
8.098400E0	5.857673E-1
8.115100E0	5.854614E-1
8.131800E0	5.850861E-1
8.148500E0	5.847013E-1
8.165200E0	5.844601E-1
8.181900E0	5.841116E-1
8.198600E0	5.838509E-1
8.215300E0	5.835237E-1
8.232000E0	5.831713E-1
8.248700E0	5.827269E-1
8.265400E0	5.824433E-1
8.282100E0	5.821181E-1
8.298800E0	5.818805E-1
8.315500E0	5.814353E-1
8.332200E0	5.811042E-1
8.348900E0	5.806746E-1
8.365600E0	5.803367E-1
8.382300E0	5.800656E-1
8.399000E0	5.797099E-1
8.415700E0	5.794895E-1
8.432400E0	5.790700E-1
8.449100E0	5.787647E-1
8.465800E0	5.784228E-1
8.482500E0	5.780568E-1
8.499200E0	5.776792E-1
8.515900E0	5.774871E-1
8.532500E0	5.771374E-1
8.549100E0	5.768262E-1
8.565900E0	5.765171E-1
8.582600E0	5.762069E-1
8.599300E0	5.759544E-1
8.616000E0	5.757101E-1
8.632700E0	5.753171E-1
8.649400E0	5.750457E-1
8.666100E0	5.747873E-1
8.682800E0	5.744493E-1
8.699500E0	5.741577E-1
8.716200E0	5.740309E-1
8.732900E0	5.736324E-1
8.749600E0	5.733504E-1
8.766300E0	5.729919E-1
8.783000E0	5.726891E-1
8.799700E0	5.723660E-1
8.816400E0	5.721518E-1
8.833100E0	5.718246E-1
8.849800E0	5.716183E-1
8.866500E0	5.712696E-1
8.883200E0	5.709182E-1
8.899900E0	5.706695E-1
8.916600E0	5.704609E-1
8.933300E0	5.702211E-1
8.950000E0	5.698789E-1
8.966700E0	5.696240E-1
8.983400E0	5.691710E-1
9.000100E0	5.688619E-1
9.016800E0	5.685118E-1
9.033500E0	5.682856E-1
9.050200E0	5.680192E-1
9.066900E0	5.676908E-1
9.083600E0	5.673771E-1
9.100300E0	5.670448E-1
9.117000E0	5.667416E-1
9.133700E0	5.665624E-1
9.150400E0	5.661696E-1
9.167100E0	5.658364E-1
9.183800E0	5.653241E-1
9.200500E0	5.649248E-1
9.217200E0	5.646196E-1
9.233900E0	5.643636E-1
9.250600E0	5.640708E-1
9.267200E0	5.636799E-1
9.283800E0	5.633163E-1
9.300600E0	5.629392E-1
9.317300E0	5.626408E-1
9.334000E0	5.622726E-1
9.350700E0	5.619964E-1
9.367400E0	5.616871E-1
9.384100E0	5.612824E-1
9.400800E0	5.608704E-1
9.417500E0	5.605120E-1
9.434200E0	5.602718E-1
9.450900E0	5.599610E-1
9.467600E0	5.595644E-1
9.484300E0	5.592929E-1
9.501000E0	5.587718E-1
9.517700E0	5.584411E-1
9.534400E0	5.581656E-1
9.551100E0	5.578791E-1
9.567800E0	5.575927E-1
9.584500E0	5.572259E-1
9.601200E0	5.568950E-1
9.617900E0	5.565372E-1
9.634600E0	5.562286E-1
9.651300E0	5.559193E-1
9.668000E0	5.557197E-1
9.684700E0	5.552731E-1
9.701400E0	5.549873E-1
9.718100E0	5.546459E-1
9.734800E0	5.543521E-1
9.751500E0	5.540793E-1
9.768200E0	5.538145E-1
9.784900E0	5.535172E-1
9.801600E0	5.532325E-1
9.818300E0	5.528952E-1
9.835000E0	5.526036E-1
9.851700E0	5.522629E-1
9.868400E0	5.519567E-1
9.885100E0	5.516759E-1
9.901800E0	5.513629E-1
9.918500E0	5.509971E-1
9.935200E0	5.507212E-1
9.951900E0	5.503127E-1
9.968600E0	5.500139E-1
9.985300E0	5.497824E-1
1.000190E1	5.495149E-1
1.001850E1	5.491301E-1
1.003530E1	5.488384E-1
1.005200E1	5.485108E-1
1.006870E1	5.481670E-1
1.008540E1	5.479458E-1
1.010210E1	5.475314E-1
1.011880E1	5.472882E-1
1.013550E1	5.469438E-1
1.015220E1	5.466003E-1
1.016890E1	5.462108E-1
1.018560E1	5.458176E-1
1.020230E1	5.455934E-1
1.021900E1	5.452565E-1
1.023570E1	5.448864E-1
1.025240E1	5.444753E-1
1.026910E1	5.442282E-1
1.028580E1	5.438542E-1
1.030250E1	5.436202E-1
1.031920E1	5.432908E-1
1.033590E1	5.429889E-1
1.035260E1	5.425249E-1
1.036930E1	5.420759E-1
1.038600E1	5.415662E-1
1.040270E1	5.411206E-1
1.041940E1	5.408885E-1
1.043610E1	5.406261E-1
1.045280E1	5.404424E-1
1.046950E1	5.400767E-1
1.048620E1	5.397292E-1
1.050290E1	5.392567E-1
1.051960E1	5.389369E-1
1.053630E1	5.385599E-1
1.055300E1	5.382003E-1
1.056970E1	5.378012E-1
1.058640E1	5.373504E-1
1.060310E1	5.370605E-1
1.061980E1	5.367733E-1
1.063650E1	5.366038E-1
1.065320E1	5.363560E-1
1.066990E1	5.359443E-1
1.068660E1	5.355750E-1
1.070330E1	5.350727E-1
1.072000E1	5.346305E-1
1.073660E1	5.341923E-1
1.075320E1	5.338900E-1
1.077000E1	5.336176E-1
1.078670E1	5.334104E-1
1.080340E1	5.331566E-1
1.082010E1	5.329208E-1
1.083680E1	5.325081E-1
1.085350E1	5.320147E-1
1.087020E1	5.316248E-1
1.088690E1	5.313383E-1
1.090360E1	5.310508E-1
1.092030E1	5.306597E-1
1.093700E1	5.303599E-1
1.095370E1	5.300851E-1
1.097040E1	5.297386E-1
1.098710E1	5.294323E-1
1.100380E1	5.291284E-1
1.102050E1	5.287917E-1
1.103720E1	5.285930E-1
1.105390E1	5.282544E-1
1.107060E1	5.278839E-1
1.108730E1	5.274056E-1
1.110400E1	5.268987E-1
1.112070E1	5.266492E-1
1.113740E1	5.263834E-1
1.115410E1	5.261971E-1
1.117080E1	5.259720E-1
1.118750E1	5.256453E-1
1.120420E1	5.251556E-1
1.122090E1	5.247458E-1
1.123760E1	5.244187E-1
1.125430E1	5.241674E-1
1.127100E1	5.238245E-1
1.128770E1	5.234536E-1
1.130440E1	5.230910E-1
1.132110E1	5.227181E-1
1.133780E1	5.225469E-1
1.135450E1	5.222497E-1
1.137120E1	5.219071E-1
1.138790E1	5.215566E-1
1.140460E1	5.211134E-1
1.142130E1	5.207085E-1
1.143800E1	5.203060E-1
1.145470E1	5.200680E-1
1.147130E1	5.198126E-1
1.148790E1	5.194600E-1
1.150470E1	5.191667E-1
1.152140E1	5.187720E-1
1.153810E1	5.184303E-1
1.155480E1	5.180599E-1
1.157150E1	5.176724E-1
1.158820E1	5.174311E-1
1.160490E1	5.171062E-1
1.162160E1	5.167370E-1
1.163830E1	5.163274E-1
1.165500E1	5.159969E-1
1.167170E1	5.157285E-1
1.168840E1	5.154170E-1
1.170510E1	5.150411E-1
1.172180E1	5.145927E-1
1.173850E1	5.142390E-1
1.175520E1	5.138841E-1
1.177190E1	5.135400E-1
1.178860E1	5.131869E-1
1.180530E1	5.128851E-1
1.182200E1	5.125281E-1
1.183870E1	5.122356E-1
1.185540E1	5.118863E-1
1.187210E1	5.115650E-1
1.188880E1	5.112528E-1
1.190550E1	5.108515E-1
1.192220E1	5.104865E-1
1.193890E1	5.101510E-1
1.195560E1	5.098159E-1
1.197230E1	5.095121E-1
1.198900E1	5.091969E-1
1.200570E1	5.089339E-1
1.202240E1	5.086480E-1
1.203910E1	5.082031E-1
1.205580E1	5.078231E-1
1.207250E1	5.075282E-1
1.208920E1	5.072635E-1
1.210590E1	5.069014E-1
1.212260E1	5.066032E-1
1.213930E1	5.062696E-1
1.215600E1	5.059121E-1
1.217270E1	5.055998E-1
1.218940E1	5.053224E-1
1.220600E1	5.049736E-1
1.222260E1	5.045718E-1
1.223940E1	5.043184E-1
1.225610E1	5.040062E-1
1.227280E1	5.037178E-1
1.228950E1	5.033831E-1
1.230620E1	5.030157E-1
1.232290E1	5.027423E-1
1.233960E1	5.024175E-1
1.235630E1	5.020904E-1
1.237300E1	5.017506E-1
1.238970E1	5.014134E-1
1.240640E1	5.010737E-1
1.242310E1	5.007252E-1
1.243980E1	5.003490E-1
1.245650E1	5.000458E-1
1.247320E1	4.997330E-1
1.248990E1	4.993191E-1
1.250660E1	4.990568E-1
1.252330E1	4.985860E-1
1.254000E1	4.983043E-1
1.255670E1	4.979850E-1
1.257340E1	4.976103E-1
1.259010E1	4.971930E-1
1.260680E1	4.968447E-1
1.262350E1	4.964945E-1
1.264020E1	4.961980E-1
1.265690E1	4.958534E-1
1.267360E1	4.954976E-1
1.269030E1	4.950759E-1
1.270700E1	4.947965E-1
1.272370E1	4.944412E-1
1.274040E1	4.941330E-1
1.275710E1	4.936576E-1
1.277380E1	4.933295E-1
1.279050E1	4.929536E-1
1.280720E1	4.926500E-1
1.282390E1	4.922570E-1
1.284060E1	4.919461E-1
1.285730E1	4.915428E-1
1.287400E1	4.912119E-1
1.289070E1	4.908892E-1
1.290740E1	4.905080E-1
1.292410E1	4.901567E-1
1.294080E1	4.898083E-1
1.295740E1	4.894238E-1
1.297400E1	4.891164E-1
1.299080E1	4.888036E-1
1.300750E1	4.884576E-1
1.302420E1	4.881733E-1
1.304090E1	4.877187E-1
1.305760E1	4.874871E-1
1.307430E1	4.871606E-1
1.309100E1	4.867542E-1
1.310770E1	4.864581E-1
1.312440E1	4.860514E-1
1.314110E1	4.858115E-1
1.315780E1	4.855641E-1
1.317450E1	4.852047E-1
1.319120E1	4.849223E-1
1.320790E1	4.845040E-1
1.322460E1	4.841173E-1
1.324130E1	4.838037E-1
1.325800E1	4.835244E-1
1.327470E1	4.833581E-1
1.329140E1	4.830218E-1
1.330810E1	4.826012E-1
1.332480E1	4.823139E-1
1.334150E1	4.818534E-1
1.335820E1	4.815681E-1
1.337490E1	4.811695E-1
1.339160E1	4.807433E-1
1.340830E1	4.804964E-1
1.342500E1	4.802000E-1
1.344170E1	4.799390E-1
1.345840E1	4.797288E-1
1.347510E1	4.794202E-1
1.349180E1	4.789150E-1
1.350850E1	4.784980E-1
1.352520E1	4.780103E-1
1.354190E1	4.777104E-1
1.355860E1	4.773455E-1
1.357530E1	4.771608E-1
1.359200E1	4.769723E-1
1.360870E1	4.766418E-1
1.362540E1	4.762299E-1
1.364210E1	4.758566E-1
1.365880E1	4.754043E-1
1.367550E1	4.751978E-1
1.369210E1	4.748668E-1
1.370870E1	4.744737E-1
1.372550E1	4.740333E-1
1.374220E1	4.735899E-1
1.375890E1	4.733980E-1
1.377560E1	4.731664E-1
1.379230E1	4.728460E-1
1.380900E1	4.726082E-1
1.382570E1	4.719895E-1
1.384240E1	4.716364E-1
1.385910E1	4.710842E-1
1.387580E1	4.708921E-1
1.389250E1	4.707666E-1
1.390920E1	4.705274E-1
1.392590E1	4.700959E-1
1.394260E1	4.696292E-1
1.395930E1	4.691479E-1
1.397600E1	4.687665E-1
1.399270E1	4.684879E-1
1.400940E1	4.682923E-1
1.402610E1	4.680253E-1
1.404280E1	4.675232E-1
1.405950E1	4.671321E-1
1.407620E1	4.666004E-1
1.409290E1	4.664571E-1
1.410960E1	4.662291E-1
1.412630E1	4.657551E-1
1.414300E1	4.653701E-1
1.415970E1	4.648294E-1
1.417640E1	4.646081E-1
1.419310E1	4.642627E-1
1.420980E1	4.640974E-1
1.422650E1	4.638690E-1
1.424320E1	4.633874E-1
1.425990E1	4.630629E-1
1.427660E1	4.625981E-1
1.429330E1	4.623033E-1
1.431000E1	4.620743E-1
1.432670E1	4.616877E-1
1.434340E1	4.614029E-1
1.436010E1	4.609532E-1
1.437680E1	4.605289E-1
1.439350E1	4.601996E-1
1.441020E1	4.598022E-1
1.442680E1	4.596302E-1
1.444340E1	4.594015E-1
1.446020E1	4.588900E-1
1.447690E1	4.585784E-1
1.449360E1	4.581522E-1
1.451030E1	4.579368E-1
1.452700E1	4.577293E-1
1.454370E1	4.572778E-1
1.456040E1	4.569698E-1
1.457710E1	4.564743E-1
1.459380E1	4.561924E-1
1.461050E1	4.558767E-1
1.462720E1	4.555836E-1
1.464390E1	4.553613E-1
1.466060E1	4.548932E-1
1.467730E1	4.544249E-1
1.469400E1	4.541444E-1
1.471070E1	4.536614E-1
1.472740E1	4.535027E-1
1.474410E1	4.532115E-1
1.476080E1	4.526691E-1
1.477750E1	4.524235E-1
1.479420E1	4.518894E-1
1.481090E1	4.516228E-1
1.482760E1	4.513112E-1
1.484430E1	4.509475E-1
1.486100E1	4.507368E-1
1.487770E1	4.501251E-1
1.489440E1	4.498352E-1
1.491110E1	4.494397E-1
1.492780E1	4.490946E-1
1.494450E1	4.489808E-1
1.496120E1	4.486051E-1
1.497790E1	4.482098E-1
1.499460E1	4.477890E-1
1.501130E1	4.472856E-1
1.502800E1	4.470496E-1
1.504470E1	4.466456E-1
1.506140E1	4.463590E-1
1.507810E1	4.460615E-1
1.509480E1	4.455768E-1
1.511150E1	4.453086E-1
1.512820E1	4.448753E-1
1.514490E1	4.444974E-1
1.516150E1	4.442712E-1
1.517810E1	4.437711E-1
1.519490E1	4.435201E-1
1.521160E1	4.429866E-1
1.522830E1	4.426589E-1
1.524500E1	4.423782E-1
1.526170E1	4.420606E-1
1.527840E1	4.418278E-1
1.529510E1	4.413962E-1
1.531180E1	4.409349E-1
1.532850E1	4.406943E-1
1.534520E1	4.402312E-1
1.536190E1	4.400263E-1
1.537860E1	4.395744E-1
1.539530E1	4.392385E-1
1.541200E1	4.389856E-1
1.542870E1	4.384283E-1
1.544540E1	4.382616E-1
1.546210E1	4.379777E-1
1.547880E1	4.374951E-1
1.549550E1	4.373256E-1
1.551220E1	4.368087E-1
1.552890E1	4.365333E-1
1.554560E1	4.361866E-1
1.556230E1	4.357353E-1
1.557900E1	4.354922E-1
1.559570E1	4.350222E-1
1.561240E1	4.347851E-1
1.562910E1	4.343364E-1
1.564580E1	4.340122E-1
1.566250E1	4.337818E-1
1.567920E1	4.334340E-1
1.569590E1	4.331025E-1
1.571260E1	4.328612E-1
1.572930E1	4.323705E-1
1.574600E1	4.321224E-1
1.576270E1	4.317495E-1
1.577940E1	4.314119E-1
1.579610E1	4.311260E-1
1.581280E1	4.306570E-1
1.582950E1	4.304269E-1
1.584620E1	4.301202E-1
1.586290E1	4.297290E-1
1.587960E1	4.295101E-1
1.589620E1	4.290759E-1
1.591280E1	4.288131E-1
1.592960E1	4.285681E-1
1.594630E1	4.281414E-1
1.596300E1	4.278445E-1
1.597970E1	4.274200E-1
1.599640E1	4.270904E-1
1.601310E1	4.268212E-1
1.602980E1	4.264630E-1
1.604650E1	4.261600E-1
1.606320E1	4.257109E-1
1.607990E1	4.252993E-1
1.609660E1	4.249945E-1
1.611330E1	4.246261E-1
1.613000E1	4.243127E-1
1.614670E1	4.239678E-1
1.616340E1	4.235262E-1
1.618010E1	4.231944E-1
1.619680E1	4.228650E-1
1.621350E1	4.225907E-1
1.623020E1	4.222397E-1
1.624690E1	4.218959E-1
1.626360E1	4.215574E-1
1.628030E1	4.211733E-1
1.629700E1	4.208350E-1
1.631370E1	4.205036E-1
1.633040E1	4.200827E-1
1.634710E1	4.198724E-1
1.636380E1	4.195370E-1
1.638050E1	4.191474E-1
1.639720E1	4.187329E-1
1.641390E1	4.184017E-1
1.643060E1	4.180872E-1
1.644730E1	4.177916E-1
1.646400E1	4.174735E-1
1.648070E1	4.171320E-1
1.649740E1	4.167843E-1
1.651410E1	4.164295E-1
1.653080E1	4.160655E-1
1.654750E1	4.157478E-1
1.656420E1	4.154566E-1
1.658090E1	4.151112E-1
1.659760E1	4.147817E-1
1.661430E1	4.143376E-1
1.663090E1	4.140800E-1
1.664750E1	4.137116E-1
1.666430E1	4.133966E-1
1.668100E1	4.130285E-1
1.669770E1	4.126074E-1
1.671440E1	4.123328E-1
1.673110E1	4.119698E-1
1.674780E1	4.116505E-1
1.676450E1	4.113017E-1
1.678120E1	4.108577E-1
1.679790E1	4.106177E-1
1.681460E1	4.102128E-1
1.683130E1	4.098625E-1
1.684800E1	4.095295E-1
1.686470E1	4.090787E-1
1.688140E1	4.088742E-1
1.689810E1	4.085758E-1
1.691480E1	4.081480E-1
1.693150E1	4.079067E-1
1.694820E1	4.073925E-1
1.696490E1	4.071892E-1
1.698160E1	4.069123E-1
1.699830E1	4.063955E-1
1.701500E1	4.061523E-1
1.703170E1	4.055955E-1
1.704840E1	4.054149E-1
1.706510E1	4.050610E-1
1.708180E1	4.046437E-1
1.709850E1	4.044309E-1
1.711520E1	4.039405E-1
1.713190E1	4.037636E-1
1.714860E1	4.035004E-1
1.716530E1	4.029930E-1
1.718200E1	4.027697E-1
1.719870E1	4.022918E-1
1.721540E1	4.020231E-1
1.723210E1	4.017084E-1
1.724880E1	4.012135E-1
1.726550E1	4.009789E-1
1.728220E1	4.005872E-1
1.729890E1	4.002917E-1
1.731560E1	4.000814E-1
1.733230E1	3.995085E-1
1.734900E1	3.992959E-1
1.736560E1	3.987989E-1
1.738220E1	3.985585E-1
1.739900E1	3.983417E-1
1.741570E1	3.977842E-1
1.743240E1	3.976212E-1
1.744910E1	3.971399E-1
1.746580E1	3.968185E-1
1.748250E1	3.966171E-1
1.749920E1	3.960194E-1
1.751590E1	3.958379E-1
1.753260E1	3.954149E-1
1.754930E1	3.950322E-1
1.756600E1	3.948468E-1
1.758270E1	3.943160E-1
1.759940E1	3.941064E-1
1.761610E1	3.936726E-1
1.763280E1	3.933190E-1
1.764950E1	3.931430E-1
1.766620E1	3.926225E-1
1.768290E1	3.924389E-1
1.769960E1	3.920523E-1
1.771630E1	3.916145E-1
1.773300E1	3.914298E-1
1.774970E1	3.909460E-1
1.776640E1	3.906722E-1
1.778310E1	3.902482E-1
1.779980E1	3.898630E-1
1.781650E1	3.896855E-1
1.783320E1	3.891618E-1
1.784990E1	3.889559E-1
1.786660E1	3.886020E-1
1.788330E1	3.881187E-1
1.790000E1	3.879188E-1
1.791670E1	3.873792E-1
1.793340E1	3.871863E-1
1.795010E1	3.868481E-1
1.796680E1	3.863598E-1
1.798350E1	3.861688E-1
1.800020E1	3.857121E-1
1.801690E1	3.854576E-1
1.803360E1	3.850847E-1
1.805030E1	3.846379E-1
1.806700E1	3.844494E-1
1.808370E1	3.839865E-1
1.810030E1	3.836876E-1
1.811690E1	3.833354E-1
1.813370E1	3.828834E-1
1.815040E1	3.827054E-1
1.816710E1	3.822499E-1
1.818380E1	3.819430E-1
1.820050E1	3.816968E-1
1.821720E1	3.811950E-1
1.823390E1	3.810032E-1
1.825060E1	3.805275E-1
1.826730E1	3.802122E-1
1.828400E1	3.800050E-1
1.830070E1	3.795198E-1
1.831740E1	3.793293E-1
1.833410E1	3.788901E-1
1.835080E1	3.785098E-1
1.836750E1	3.782686E-1
1.838420E1	3.778891E-1
1.840090E1	3.776351E-1
1.841760E1	3.772294E-1
1.843430E1	3.767883E-1
1.845100E1	3.765359E-1
1.846770E1	3.761131E-1
1.848440E1	3.758863E-1
1.850110E1	3.755150E-1
1.851780E1	3.750356E-1
1.853450E1	3.747596E-1
1.855120E1	3.743850E-1
1.856790E1	3.741098E-1
1.858460E1	3.737855E-1
1.860130E1	3.732687E-1
1.861800E1	3.730618E-1
1.863470E1	3.725697E-1
1.865140E1	3.723671E-1
1.866810E1	3.719623E-1
1.868480E1	3.715435E-1
1.870150E1	3.713458E-1
1.871820E1	3.707654E-1
1.873490E1	3.706328E-1
1.875160E1	3.701890E-1
1.876830E1	3.698231E-1
1.878500E1	3.695096E-1
1.880170E1	3.691348E-1
1.881840E1	3.688950E-1
1.883510E1	3.684651E-1
1.885170E1	3.680340E-1
1.886830E1	3.677133E-1
1.888510E1	3.673927E-1
1.890180E1	3.671321E-1
1.891850E1	3.667566E-1
1.893520E1	3.663056E-1
1.895190E1	3.660323E-1
1.896860E1	3.655886E-1
1.898530E1	3.653647E-1
1.900200E1	3.649483E-1
1.901870E1	3.645576E-1
1.903540E1	3.642769E-1
1.905210E1	3.638270E-1
1.906880E1	3.636377E-1
1.908550E1	3.632507E-1
1.910220E1	3.628483E-1
1.911890E1	3.625816E-1
1.913560E1	3.621289E-1
1.915230E1	3.618897E-1
1.916900E1	3.614395E-1
1.918570E1	3.610604E-1
1.920240E1	3.608295E-1
1.921910E1	3.604216E-1
1.923580E1	3.601466E-1
1.925250E1	3.597259E-1
1.926920E1	3.593086E-1
1.928590E1	3.590283E-1
1.930260E1	3.586663E-1
1.931930E1	3.584047E-1
1.933600E1	3.579708E-1
1.935270E1	3.575885E-1
1.936940E1	3.573162E-1
1.938610E1	3.568837E-1
1.940280E1	3.566586E-1
1.941950E1	3.562656E-1
1.943620E1	3.558321E-1
1.945290E1	3.555891E-1
1.946960E1	3.551125E-1
1.948630E1	3.549191E-1
1.950300E1	3.544866E-1
1.951970E1	3.540879E-1
1.953640E1	3.538030E-1
1.955310E1	3.533816E-1
1.956980E1	3.531927E-1
1.958640E1	3.527539E-1
1.960300E1	3.523544E-1
1.961980E1	3.521093E-1
1.963650E1	3.516801E-1
1.965320E1	3.514258E-1
1.966990E1	3.510128E-1
1.968660E1	3.505969E-1
1.970330E1	3.502649E-1
1.972000E1	3.498464E-1
1.973670E1	3.496898E-1
1.975340E1	3.492517E-1
1.977010E1	3.488114E-1
1.978680E1	3.485622E-1
1.980350E1	3.481382E-1
1.982020E1	3.479399E-1
1.983690E1	3.474976E-1
1.985360E1	3.471275E-1
1.988697E1	3.462726E-1
1.990366E1	3.460630E-1
1.992034E1	3.456173E-1
1.993703E1	3.452747E-1
1.995372E1	3.450008E-1
1.997041E1	3.445134E-1
1.998710E1	3.443281E-1
2.000379E1	3.438944E-1
2.002048E1	3.435567E-1
2.003717E1	3.432419E-1
2.005386E1	3.427321E-1
2.007054E1	3.424974E-1
2.008723E1	3.420357E-1
2.010392E1	3.417714E-1
2.012061E1	3.414312E-1
2.013741E1	3.409378E-1
2.015410E1	3.407546E-1
2.017079E1	3.402363E-1
2.018748E1	3.400216E-1
2.020417E1	3.396458E-1
2.022086E1	3.391946E-1
2.023754E1	3.390125E-1
2.025423E1	3.385020E-1
2.027092E1	3.382661E-1
2.028761E1	3.378973E-1
2.030430E1	3.374537E-1
2.032099E1	3.372362E-1
2.033768E1	3.367074E-1
2.035437E1	3.365209E-1
2.037117E1	3.361328E-1
2.038787E1	3.357290E-1
2.040457E1	3.354959E-1
2.042127E1	3.350163E-1
2.043797E1	3.348254E-1
2.045467E1	3.344001E-1
2.047137E1	3.339693E-1
2.048807E1	3.337297E-1
2.050477E1	3.332238E-1
2.052147E1	3.330494E-1
2.053817E1	3.326312E-1
2.055487E1	3.322617E-1
2.057157E1	3.320143E-1
2.058827E1	3.315917E-1
2.060497E1	3.313152E-1
2.062167E1	3.308909E-1
2.063837E1	3.305075E-1
2.065507E1	3.302863E-1
2.067177E1	3.297827E-1
2.068847E1	3.295982E-1
2.070517E1	3.291365E-1
2.072187E1	3.287492E-1
2.073857E1	3.285248E-1
2.075527E1	3.280980E-1
2.077197E1	3.278341E-1
2.078867E1	3.274599E-1
2.080537E1	3.270246E-1
2.082207E1	3.267927E-1
2.083877E1	3.263162E-1
2.085547E1	3.260667E-1
2.087217E1	3.257457E-1
2.088887E1	3.252833E-1
2.090557E1	3.250569E-1
2.092227E1	3.245784E-1
2.093897E1	3.243067E-1
2.095567E1	3.239892E-1
2.097237E1	3.235832E-1
2.098907E1	3.232843E-1
2.100577E1	3.229024E-1
2.102247E1	3.225810E-1
2.103917E1	3.221977E-1
2.105577E1	3.217867E-1
2.107237E1	3.215769E-1
2.108917E1	3.211560E-1
2.110587E1	3.208261E-1
2.112257E1	3.204702E-1
2.113927E1	3.200200E-1
2.115597E1	3.198163E-1
2.117267E1	3.193320E-1
2.118937E1	3.191210E-1
2.120607E1	3.186692E-1
2.122277E1	3.182698E-1
2.123947E1	3.180084E-1
2.125617E1	3.175311E-1
2.127287E1	3.173505E-1
2.128957E1	3.168811E-1
2.130627E1	3.165354E-1
2.132297E1	3.162333E-1
2.133967E1	3.157749E-1
2.135637E1	3.155883E-1
2.137307E1	3.151464E-1
2.138977E1	3.148190E-1
2.140647E1	3.144782E-1
2.142317E1	3.140036E-1
2.143987E1	3.138198E-1
2.145657E1	3.133568E-1
2.147327E1	3.130739E-1
2.148997E1	3.126740E-1
2.150667E1	3.122416E-1
2.152337E1	3.119096E-1
2.154007E1	3.114604E-1
2.157340E1	3.107802E-1
2.159010E1	3.104918E-1
2.160680E1	3.100461E-1
2.162350E1	3.096018E-1
2.164020E1	3.093528E-1
2.165690E1	3.088946E-1
2.167360E1	3.086317E-1
2.169030E1	3.082432E-1
2.170700E1	3.078192E-1
2.172370E1	3.075693E-1
2.174040E1	3.070285E-1
2.177378E1	3.064509E-1
2.179047E1	3.060863E-1
2.180716E1	3.057815E-1
2.182384E1	3.053781E-1
2.184053E1	3.051244E-1
2.185722E1	3.047365E-1
2.187391E1	3.043291E-1
2.189060E1	3.040933E-1
2.190729E1	3.035938E-1
2.192398E1	3.033652E-1
2.194067E1	3.029710E-1
2.195736E1	3.025869E-1
2.197404E1	3.022704E-1
2.199073E1	3.018826E-1
2.200753E1	3.016775E-1
2.202423E1	3.012616E-1
2.204093E1	3.008657E-1
2.205763E1	3.005385E-1
2.207433E1	3.001742E-1
2.209103E1	2.999001E-1
2.210773E1	2.994833E-1
2.212443E1	2.991321E-1
2.215781E1	2.983292E-1
2.217451E1	2.981346E-1
2.219121E1	2.977253E-1
2.220791E1	2.973733E-1
2.222461E1	2.971041E-1
2.224131E1	2.966704E-1
2.225801E1	2.964036E-1
2.227471E1	2.959818E-1
2.229141E1	2.956032E-1
2.230811E1	2.953542E-1
2.232481E1	2.949330E-1
2.234151E1	2.946847E-1
2.235821E1	2.943058E-1
2.237491E1	2.938521E-1
2.239161E1	2.936148E-1
2.240831E1	2.931972E-1
2.242501E1	2.929436E-1
2.244171E1	2.925471E-1
2.245841E1	2.920779E-1
2.247511E1	2.918436E-1
2.249181E1	2.914603E-1
2.250851E1	2.911605E-1
2.252521E1	2.907726E-1
2.254191E1	2.903698E-1
2.255861E1	2.901322E-1
2.257531E1	2.896955E-1
2.259201E1	2.894371E-1
2.260871E1	2.890539E-1
2.262541E1	2.885991E-1
2.264211E1	2.883986E-1
2.265881E1	2.879239E-1
2.267551E1	2.876580E-1
2.269221E1	2.872624E-1
2.270891E1	2.868529E-1
2.272561E1	2.866338E-1
2.274231E1	2.861883E-1
2.275901E1	2.859225E-1
2.277561E1	2.854784E-1
2.279221E1	2.850851E-1
2.280901E1	2.847886E-1
2.282571E1	2.843197E-1
2.284241E1	2.840909E-1
2.285911E1	2.836799E-1
2.287581E1	2.833286E-1
2.289251E1	2.830064E-1
2.290921E1	2.824823E-1
2.292591E1	2.821953E-1
2.294261E1	2.817574E-1
2.295931E1	2.815673E-1
2.297601E1	2.811445E-1
2.299271E1	2.807341E-1
2.300941E1	2.803790E-1
2.302611E1	2.798577E-1
2.304281E1	2.796159E-1
2.305951E1	2.791581E-1
2.307621E1	2.789368E-1
2.309291E1	2.785339E-1
2.310961E1	2.781125E-1
2.312631E1	2.777682E-1
2.314301E1	2.772389E-1
2.315971E1	2.770142E-1
2.317641E1	2.765574E-1
2.319311E1	2.763110E-1
2.320981E1	2.759254E-1
2.322651E1	2.754638E-1
2.324321E1	2.752316E-1
2.325991E1	2.747840E-1
2.327661E1	2.745641E-1
2.329331E1	2.741625E-1
2.331001E1	2.737175E-1
2.332671E1	2.733868E-1
2.334341E1	2.729103E-1
2.336001E1	2.726927E-1
2.337661E1	2.722330E-1
2.339341E1	2.719611E-1
2.341011E1	2.716070E-1
2.342681E1	2.711197E-1
2.344351E1	2.709140E-1
2.346021E1	2.704064E-1
2.347691E1	2.701687E-1
2.349361E1	2.698768E-1
2.351031E1	2.693842E-1
2.352701E1	2.691076E-1
2.354371E1	2.686669E-1
2.356041E1	2.684372E-1
2.357711E1	2.680911E-1
2.359381E1	2.676709E-1
2.361051E1	2.674436E-1
2.362721E1	2.669599E-1
2.364391E1	2.667025E-1
2.366061E1	2.663092E-1
2.367731E1	2.659139E-1
2.369401E1	2.657059E-1
2.371071E1	2.652448E-1
2.372741E1	2.649497E-1
2.374411E1	2.646277E-1
2.376081E1	2.641591E-1
2.377751E1	2.639276E-1
2.379421E1	2.635784E-1
2.381091E1	2.632293E-1
2.382761E1	2.628458E-1
2.384431E1	2.624321E-1
2.386101E1	2.621573E-1
2.387771E1	2.617483E-1
2.389441E1	2.614957E-1
2.391111E1	2.611513E-1
2.392781E1	2.606628E-1
2.394451E1	2.604656E-1
2.396121E1	2.600208E-1
2.397791E1	2.597204E-1
2.399461E1	2.593949E-1
2.401121E1	2.589204E-1
2.402781E1	2.587072E-1
2.404461E1	2.583201E-1
2.406131E1	2.579892E-1
2.407801E1	2.576775E-1
2.409471E1	2.571666E-1
2.411141E1	2.569227E-1
2.412811E1	2.565355E-1
2.414481E1	2.562286E-1
2.416151E1	2.558929E-1
2.417821E1	2.554118E-1
2.419491E1	2.551965E-1
2.421161E1	2.547268E-1
2.422831E1	2.544799E-1
2.424501E1	2.541345E-1
2.426171E1	2.536621E-1
2.427841E1	2.534442E-1
2.429511E1	2.530420E-1
2.431181E1	2.527462E-1
2.432851E1	2.523519E-1
2.434521E1	2.519124E-1
2.436191E1	2.516389E-1
2.437861E1	2.510831E-1
2.439531E1	2.509083E-1
2.441201E1	2.504779E-1
2.442871E1	2.501519E-1
2.444541E1	2.498696E-1
2.446211E1	2.493737E-1
2.447881E1	2.491282E-1
2.449551E1	2.485730E-1
2.451221E1	2.483925E-1
2.452891E1	2.480674E-1
2.454561E1	2.475614E-1
2.456231E1	2.472636E-1
2.457901E1	2.467383E-1
2.459571E1	2.465366E-1
2.461241E1	2.461392E-1
2.462911E1	2.457835E-1
2.464581E1	2.454878E-1
2.466251E1	2.450052E-1
2.467921E1	2.447373E-1
2.469591E1	2.442734E-1
2.471261E1	2.440092E-1
2.472921E1	2.436274E-1
2.474581E1	2.432009E-1
2.476261E1	2.429169E-1
2.477931E1	2.424197E-1
2.479601E1	2.422374E-1
2.481271E1	2.418017E-1
2.482941E1	2.414133E-1
2.484611E1	2.411606E-1
2.486281E1	2.408075E-1
2.487951E1	2.405128E-1
2.489621E1	2.400881E-1
2.491291E1	2.396788E-1
2.492961E1	2.392339E-1
2.494631E1	2.389053E-1
2.496301E1	2.385436E-1
2.497971E1	2.381765E-1
2.499641E1	2.379207E-1
2.501311E1	2.374639E-1
2.502981E1	2.371302E-1
2.504651E1	2.367226E-1
2.506321E1	2.363981E-1
2.507991E1	2.360913E-1
2.509661E1	2.357333E-1
2.511331E1	2.354074E-1
2.513001E1	2.349648E-1
2.514671E1	2.345575E-1
2.516341E1	2.342142E-1
2.518011E1	2.338724E-1
2.519681E1	2.335752E-1
2.521351E1	2.331376E-1
2.523021E1	2.327796E-1
2.524691E1	2.324329E-1
2.526361E1	2.321325E-1
2.528031E1	2.318158E-1
2.529701E1	2.314139E-1
2.531371E1	2.310390E-1
2.533041E1	2.306306E-1
2.534711E1	2.302369E-1
2.538043E1	2.295640E-1
2.539712E1	2.292892E-1
2.541381E1	2.288289E-1
2.543050E1	2.284292E-1
2.544719E1	2.281510E-1
2.546388E1	2.276581E-1
2.548057E1	2.274715E-1
2.549726E1	2.270669E-1
2.551394E1	2.266323E-1
2.553063E1	2.263247E-1
2.554732E1	2.258553E-1
2.556401E1	2.256939E-1
2.558070E1	2.253144E-1
2.559739E1	2.249142E-1
2.561419E1	2.245263E-1
2.563089E1	2.241038E-1
2.564759E1	2.239590E-1
2.566429E1	2.234938E-1
2.568099E1	2.231724E-1
2.569769E1	2.227776E-1
2.571439E1	2.224285E-1
2.573109E1	2.221900E-1
2.574779E1	2.217573E-1
2.576449E1	2.214195E-1
2.578119E1	2.209903E-1
2.579789E1	2.205639E-1
2.581459E1	2.202653E-1
2.583129E1	2.198344E-1
2.584799E1	2.195946E-1
2.586469E1	2.191327E-1
2.588139E1	2.187749E-1
2.589809E1	2.184657E-1
2.591479E1	2.180772E-1
2.593149E1	2.178329E-1
2.594819E1	2.173156E-1
2.596489E1	2.170297E-1
2.598159E1	2.166226E-1
2.601492E1	2.159098E-1
2.603162E1	2.154518E-1
2.604832E1	2.152380E-1
2.606502E1	2.147969E-1
2.608172E1	2.144236E-1
2.609842E1	2.140131E-1
2.611512E1	2.135587E-1
2.613182E1	2.132687E-1
2.614852E1	2.127845E-1
2.616522E1	2.125601E-1
2.618192E1	2.121109E-1
2.619862E1	2.117979E-1
2.621532E1	2.114276E-1
2.623202E1	2.110210E-1
2.624872E1	2.108281E-1
2.626542E1	2.103583E-1
2.628212E1	2.100195E-1
2.629882E1	2.096050E-1
2.631552E1	2.092316E-1
2.633222E1	2.088648E-1
2.634892E1	2.084505E-1
2.636562E1	2.081673E-1
2.638232E1	2.078533E-1
2.639902E1	2.074485E-1
2.641572E1	2.070173E-1
2.643242E1	2.065995E-1
2.644912E1	2.062119E-1
2.646582E1	2.058828E-1
2.648252E1	2.056153E-1
2.649922E1	2.051773E-1
2.651592E1	2.048052E-1
2.653262E1	2.044762E-1
2.654932E1	2.041440E-1
2.656602E1	2.038215E-1
2.658272E1	2.034078E-1
2.659942E1	2.030528E-1
2.661612E1	2.026589E-1
2.663282E1	2.023105E-1
2.664952E1	2.020412E-1
2.666622E1	2.016418E-1
2.668292E1	2.013022E-1
2.669962E1	2.008855E-1
2.671632E1	2.006269E-1
2.673302E1	2.002893E-1
2.674972E1	1.998913E-1
2.676642E1	1.995523E-1
2.678312E1	1.991517E-1
2.679982E1	1.988811E-1
2.681652E1	1.985465E-1
2.683322E1	1.981454E-1
2.684992E1	1.978130E-1
2.686662E1	1.974162E-1
2.688332E1	1.971117E-1
2.690002E1	1.968044E-1
2.691672E1	1.964354E-1
2.693342E1	1.961528E-1
2.695002E1	1.958129E-1
2.696662E1	1.955796E-1
2.698342E1	1.952021E-1
2.700012E1	1.947329E-1
2.701682E1	1.945204E-1
2.703352E1	1.941489E-1
2.705022E1	1.938518E-1
2.706692E1	1.934300E-1
2.708362E1	1.930080E-1
2.710032E1	1.927958E-1
2.711702E1	1.924097E-1
2.713372E1	1.921090E-1
2.715042E1	1.917620E-1
2.716712E1	1.912554E-1
2.718382E1	1.910520E-1
2.720052E1	1.906838E-1
2.721722E1	1.903555E-1
2.723392E1	1.900062E-1
2.725062E1	1.895309E-1
2.726732E1	1.893124E-1
2.728402E1	1.890407E-1
2.730072E1	1.885841E-1
2.731742E1	1.882725E-1
2.733412E1	1.878115E-1
2.735082E1	1.875661E-1
2.736752E1	1.871922E-1
2.738422E1	1.868347E-1
2.740092E1	1.865194E-1
2.741762E1	1.860398E-1
2.743432E1	1.857514E-1
2.745102E1	1.854032E-1
2.746772E1	1.850828E-1
2.748442E1	1.847582E-1
2.750112E1	1.842626E-1
2.751782E1	1.839569E-1
2.753452E1	1.835977E-1
2.755122E1	1.833234E-1
2.756792E1	1.829909E-1
2.758462E1	1.825330E-1
2.760132E1	1.822234E-1
2.761802E1	1.817312E-1
2.763472E1	1.814968E-1
2.765142E1	1.811197E-1
2.766812E1	1.807310E-1
2.768472E1	1.803513E-1
2.770132E1	1.798858E-1
2.771812E1	1.796289E-1
2.773482E1	1.792140E-1
2.775152E1	1.789607E-1
2.776822E1	1.784906E-1
2.778492E1	1.781408E-1
2.780162E1	1.777952E-1
2.781832E1	1.773068E-1
2.783502E1	1.770463E-1
2.785172E1	1.766047E-1
2.786842E1	1.763361E-1
2.788512E1	1.759305E-1
2.790182E1	1.755119E-1
2.791852E1	1.751903E-1
2.793522E1	1.747132E-1
2.795192E1	1.743416E-1
2.796862E1	1.738739E-1
2.798532E1	1.736085E-1
2.800202E1	1.732645E-1
2.801872E1	1.729018E-1
2.803542E1	1.725246E-1
2.805212E1	1.720729E-1
2.806882E1	1.716453E-1
2.808552E1	1.711677E-1
2.810222E1	1.709913E-1
2.811892E1	1.704931E-1
2.813562E1	1.702440E-1
2.815232E1	1.698571E-1
2.816902E1	1.694407E-1
2.818572E1	1.691701E-1
2.820242E1	1.687331E-1
2.821912E1	1.684356E-1
2.823582E1	1.681182E-1
2.825252E1	1.677044E-1
2.826922E1	1.674390E-1
2.828592E1	1.670922E-1
2.830262E1	1.666990E-1
2.831932E1	1.663529E-1
2.833602E1	1.660025E-1
2.835272E1	1.657095E-1
2.836942E1	1.653291E-1
2.838612E1	1.650110E-1
2.840282E1	1.645965E-1
2.841942E1	1.642231E-1
2.843602E1	1.639493E-1
2.845282E1	1.634881E-1
2.846952E1	1.632379E-1
2.848622E1	1.629562E-1
2.850292E1	1.624690E-1
2.851962E1	1.622255E-1
2.853632E1	1.618435E-1
2.855302E1	1.615347E-1
2.856972E1	1.612095E-1
2.858642E1	1.608251E-1
2.860312E1	1.606340E-1
2.861982E1	1.601720E-1
2.863652E1	1.598573E-1
2.865322E1	1.595363E-1
2.866992E1	1.592024E-1
2.868662E1	1.589389E-1
2.870332E1	1.585167E-1
2.872002E1	1.581396E-1
2.873672E1	1.578687E-1
2.875342E1	1.575020E-1
2.877012E1	1.572154E-1
2.878682E1	1.567981E-1
2.880352E1	1.563413E-1
2.882022E1	1.561077E-1
2.883692E1	1.556805E-1
2.885362E1	1.554792E-1
2.887032E1	1.550555E-1
2.888702E1	1.546233E-1
2.890372E1	1.543801E-1
2.892042E1	1.540363E-1
2.893712E1	1.536970E-1
2.895382E1	1.534593E-1
2.897052E1	1.529087E-1
2.898722E1	1.527169E-1
2.900392E1	1.522813E-1
2.902062E1	1.519940E-1
2.903732E1	1.517797E-1
2.905402E1	1.511486E-1
2.907072E1	1.509667E-1
2.908742E1	1.505571E-1
2.910412E1	1.502320E-1
2.912082E1	1.500261E-1
2.913752E1	1.494237E-1
2.915412E1	1.492058E-1
2.917072E1	1.487928E-1
2.918752E1	1.484892E-1
2.920422E1	1.481703E-1
2.922092E1	1.476344E-1
2.923762E1	1.473389E-1
2.925432E1	1.468098E-1
2.927102E1	1.466600E-1
2.928772E1	1.461997E-1
2.930442E1	1.458221E-1
2.932112E1	1.454510E-1
2.933782E1	1.449600E-1
2.935452E1	1.447086E-1
2.937122E1	1.441524E-1
2.938792E1	1.439784E-1
2.940462E1	1.434829E-1
2.942132E1	1.432244E-1
2.943802E1	1.428397E-1
2.945472E1	1.423703E-1
2.947142E1	1.420078E-1
2.948812E1	1.415167E-1
2.950482E1	1.412865E-1
2.952152E1	1.406384E-1
2.953822E1	1.404651E-1
2.955492E1	1.399573E-1
2.957162E1	1.397085E-1
2.958832E1	1.393981E-1
2.960502E1	1.388566E-1
2.962172E1	1.385818E-1
2.963842E1	1.380029E-1
2.965512E1	1.377898E-1
2.967182E1	1.371778E-1
2.968852E1	1.370506E-1
2.970522E1	1.363696E-1
2.972192E1	1.362322E-1
2.973862E1	1.359090E-1
2.975532E1	1.353798E-1
2.977202E1	1.350595E-1
2.978872E1	1.345375E-1
2.980542E1	1.343903E-1
2.982212E1	1.339831E-1
2.983882E1	1.335940E-1
2.985552E1	1.332061E-1
2.987222E1	1.327800E-1
2.988882E1	1.325383E-1
2.990542E1	1.319438E-1
2.992222E1	1.317484E-1
2.993892E1	1.312144E-1
2.995562E1	1.309708E-1
2.997232E1	1.305819E-1
2.998902E1	1.301305E-1
3.000572E1	1.299099E-1
3.002242E1	1.294364E-1
3.003912E1	1.292061E-1
3.005582E1	1.288500E-1
3.007252E1	1.284090E-1
3.008922E1	1.282125E-1
3.010592E1	1.276248E-1
3.012262E1	1.274812E-1
3.013932E1	1.270794E-1
3.015602E1	1.266900E-1
3.017272E1	1.264192E-1
3.018942E1	1.259554E-1
3.020612E1	1.257894E-1
3.022282E1	1.254317E-1
3.023952E1	1.249353E-1
3.025622E1	1.246783E-1
3.027292E1	1.241890E-1
3.028962E1	1.240097E-1
3.030632E1	1.237852E-1
3.032302E1	1.232116E-1
3.033972E1	1.230503E-1
3.035642E1	1.225546E-1
3.037312E1	1.223156E-1
3.038982E1	1.220519E-1
3.040652E1	1.214817E-1
3.042322E1	1.213575E-1
3.043992E1	1.208975E-1
3.045662E1	1.205484E-1
3.047332E1	1.203400E-1
3.049002E1	1.197714E-1
3.050672E1	1.196348E-1
3.052342E1	1.193010E-1
3.054012E1	1.188417E-1
3.055682E1	1.186697E-1
3.057352E1	1.181559E-1
3.059022E1	1.178937E-1
3.060692E1	1.175677E-1
3.062352E1	1.171279E-1
3.064012E1	1.169464E-1
3.065692E1	1.164495E-1
3.067362E1	1.161801E-1
3.069032E1	1.159558E-1
3.070702E1	1.154266E-1
3.072372E1	1.153127E-1
3.074042E1	1.150025E-1
3.075712E1	1.144858E-1
3.077382E1	1.142955E-1
3.079052E1	1.137141E-1
3.080722E1	1.135817E-1
3.082392E1	1.131665E-1
3.084062E1	1.127065E-1
3.085732E1	1.125231E-1
3.087402E1	1.118858E-1
3.089072E1	1.117578E-1
3.090742E1	1.114106E-1
3.092412E1	1.109419E-1
3.094082E1	1.107092E-1
3.095752E1	1.101294E-1
3.097422E1	1.099865E-1
3.099092E1	1.094282E-1
3.100762E1	1.091756E-1
3.102432E1	1.088326E-1
3.104102E1	1.083390E-1
3.105772E1	1.081860E-1
3.107442E1	1.075084E-1
3.109112E1	1.073477E-1
3.110782E1	1.068565E-1
3.112452E1	1.065642E-1
3.114122E1	1.061909E-1
3.115792E1	1.057131E-1
3.117462E1	1.054290E-1
