0.000000E0	7.204879E-1
1.670000E-2	7.203327E-1
3.340000E-2	7.204053E-1
5.010000E-2	7.204486E-1
6.680000E-2	7.203197E-1
8.350000E-2	7.200139E-1
1.002000E-1	7.196238E-1
1.169000E-1	7.195233E-1
1.336000E-1	7.194602E-1
1.503000E-1	7.194477E-1
1.670000E-1	7.194447E-1
1.837000E-1	7.193839E-1
2.004000E-1	7.192434E-1
2.171000E-1	7.190385E-1
2.338000E-1	7.191238E-1
2.505000E-1	7.187293E-1
2.672000E-1	7.187538E-1
2.839000E-1	7.187371E-1
3.006000E-1	7.187402E-1
3.173000E-1	7.186670E-1
3.340000E-1	7.182131E-1
3.507000E-1	7.184171E-1
3.674000E-1	7.184064E-1
3.841000E-1	7.181899E-1
4.008000E-1	7.182455E-1
4.175000E-1	7.178350E-1
4.342000E-1	7.177663E-1
4.509000E-1	7.177461E-1
4.676000E-1	7.177356E-1
4.843000E-1	7.177323E-1
5.010000E-1	7.176688E-1
5.177000E-1	7.176469E-1
5.344000E-1	7.171732E-1
5.511000E-1	7.170787E-1
5.678000E-1	7.169056E-1
5.845000E-1	7.168303E-1
6.012000E-1	7.166798E-1
6.179000E-1	7.161442E-1
6.346000E-1	7.160095E-1
6.513000E-1	7.159931E-1
6.679000E-1	7.157075E-1
6.845000E-1	7.154167E-1
7.013000E-1	7.151630E-1
7.180000E-1	7.147805E-1
7.347000E-1	7.146154E-1
7.514000E-1	7.142911E-1
7.681000E-1	7.142023E-1
7.848000E-1	7.139868E-1
8.015000E-1	7.136983E-1
8.182000E-1	7.134565E-1
8.349000E-1	7.133065E-1
8.516000E-1	7.130377E-1
8.683000E-1	7.128407E-1
8.850000E-1	7.126224E-1
9.017000E-1	7.124857E-1
9.184000E-1	7.123634E-1
9.351000E-1	7.122387E-1
9.518000E-1	7.119725E-1
9.685000E-1	7.116403E-1
9.852000E-1	7.115435E-1
1.001900E0	7.115675E-1
1.018600E0	7.115731E-1
1.035300E0	7.115160E-1
1.052000E0	7.110403E-1
1.068700E0	7.109516E-1
1.085400E0	7.109662E-1
1.102100E0	7.110295E-1
1.118800E0	7.108392E-1
1.135500E0	7.105446E-1
1.152200E0	7.105456E-1
1.168900E0	7.104139E-1
1.185600E0	7.103248E-1
1.202300E0	7.102808E-1
1.219000E0	7.101764E-1
1.235700E0	7.101053E-1
1.252400E0	7.099306E-1
1.269100E0	7.095864E-1
1.285800E0	7.093155E-1
1.302500E0	7.091948E-1
1.319200E0	7.089483E-1
1.335900E0	7.087629E-1
1.352600E0	7.084305E-1
1.369300E0	7.080921E-1
1.386000E0	7.080327E-1
1.402600E0	7.078662E-1
1.419200E0	7.074623E-1
1.436000E0	7.072291E-1
1.452700E0	7.068750E-1
1.469400E0	7.066100E-1
1.486100E0	7.063944E-1
1.502800E0	7.060822E-1
1.519500E0	7.057659E-1
1.536200E0	7.054809E-1
1.552900E0	7.053348E-1
1.569600E0	7.050734E-1
1.586300E0	7.046375E-1
1.603000E0	7.045427E-1
1.619700E0	7.043764E-1
1.636400E0	7.040972E-1
1.653100E0	7.038402E-1
1.669800E0	7.036098E-1
1.686500E0	7.033870E-1
1.703200E0	7.031657E-1
1.719900E0	7.028421E-1
1.736600E0	7.026953E-1
1.753300E0	7.024617E-1
1.770000E0	7.021913E-1
1.786700E0	7.021782E-1
1.803400E0	7.020683E-1
1.820100E0	7.019661E-1
1.836800E0	7.017117E-1
1.853500E0	7.014287E-1
1.870200E0	7.013017E-1
1.886900E0	7.012860E-1
1.903600E0	7.011539E-1
1.920300E0	7.010005E-1
1.937000E0	7.009400E-1
1.953700E0	7.005993E-1
1.970400E0	7.004522E-1
1.987100E0	7.003025E-1
2.003800E0	7.001915E-1
2.020500E0	7.000201E-1
2.037200E0	6.997682E-1
2.053900E0	6.994495E-1
2.070600E0	6.992812E-1
2.087300E0	6.991630E-1
2.104000E0	6.989554E-1
2.120700E0	6.985136E-1
2.137300E0	6.981050E-1
2.153900E0	6.978013E-1
2.170700E0	6.976199E-1
2.187400E0	6.973998E-1
2.204100E0	6.970875E-1
2.220800E0	6.967346E-1
2.237500E0	6.964634E-1
2.254200E0	6.962316E-1
2.270900E0	6.958144E-1
2.287600E0	6.954628E-1
2.304300E0	6.952193E-1
2.321000E0	6.949431E-1
2.337700E0	6.947326E-1
2.354400E0	6.943601E-1
2.371100E0	6.939940E-1
2.387800E0	6.936577E-1
2.404500E0	6.934698E-1
2.421200E0	6.931120E-1
2.437900E0	6.928735E-1
2.454600E0	6.925558E-1
2.471300E0	6.922709E-1
2.488000E0	6.920448E-1
2.504700E0	6.919027E-1
2.521400E0	6.917869E-1
2.538100E0	6.915739E-1
2.554800E0	6.913138E-1
2.571500E0	6.908889E-1
2.588200E0	6.905688E-1
2.604900E0	6.905320E-1
2.621600E0	6.903819E-1
2.638300E0	6.902820E-1
2.655000E0	6.902070E-1
2.671700E0	6.898928E-1
2.688400E0	6.897665E-1
2.705100E0	6.894618E-1
2.721800E0	6.892562E-1
2.738500E0	6.892077E-1
2.755200E0	6.889536E-1
2.771900E0	6.887758E-1
2.788600E0	6.885867E-1
2.805300E0	6.884611E-1
2.822000E0	6.882380E-1
2.838700E0	6.879235E-1
2.855400E0	6.876783E-1
2.872100E0	6.874419E-1
2.888700E0	6.871453E-1
2.905300E0	6.867606E-1
2.922100E0	6.865758E-1
2.938800E0	6.862876E-1
2.955500E0	6.859577E-1
2.972200E0	6.857737E-1
2.988900E0	6.853470E-1
3.005600E0	6.850268E-1
3.022300E0	6.848106E-1
3.039000E0	6.844903E-1
3.055700E0	6.841394E-1
3.072400E0	6.837655E-1
3.089100E0	6.832883E-1
3.105800E0	6.830204E-1
3.122500E0	6.827590E-1
3.139200E0	6.823755E-1
3.155900E0	6.820222E-1
3.172600E0	6.816024E-1
3.189300E0	6.812604E-1
3.206000E0	6.809765E-1
3.222700E0	6.805954E-1
3.239400E0	6.804029E-1
3.256100E0	6.801501E-1
3.272800E0	6.797220E-1
3.289500E0	6.794466E-1
3.306200E0	6.792637E-1
3.322900E0	6.788853E-1
3.339600E0	6.786174E-1
3.356300E0	6.784932E-1
3.373000E0	6.781065E-1
3.389700E0	6.779222E-1
3.406400E0	6.777231E-1
3.423100E0	6.773444E-1
3.439800E0	6.770543E-1
3.456500E0	6.768836E-1
3.473200E0	6.767837E-1
3.489900E0	6.765461E-1
3.506600E0	6.762349E-1
3.523300E0	6.760520E-1
3.540000E0	6.758785E-1
3.556700E0	6.755736E-1
3.573400E0	6.752893E-1
3.590100E0	6.751329E-1
3.606800E0	6.749334E-1
3.623400E0	6.745262E-1
3.640000E0	6.742257E-1
3.656800E0	6.740890E-1
3.673500E0	6.737250E-1
3.690200E0	6.733410E-1
3.706900E0	6.731955E-1
3.723600E0	6.728408E-1
3.740300E0	6.725161E-1
3.757000E0	6.723004E-1
3.773700E0	6.719602E-1
3.790400E0	6.715427E-1
3.807100E0	6.713752E-1
3.823800E0	6.708380E-1
3.840500E0	6.705042E-1
3.857200E0	6.702724E-1
3.873900E0	6.697670E-1
3.890600E0	6.694590E-1
3.907300E0	6.691761E-1
3.924000E0	6.687049E-1
3.940700E0	6.684560E-1
3.957400E0	6.679079E-1
3.974100E0	6.676475E-1
3.990800E0	6.673415E-1
4.007500E0	6.669551E-1
4.024200E0	6.666761E-1
4.040900E0	6.661705E-1
4.057600E0	6.659136E-1
4.074300E0	6.655682E-1
4.091000E0	6.652198E-1
4.107700E0	6.648891E-1
4.124400E0	6.645221E-1
4.141100E0	6.641834E-1
4.157800E0	6.638342E-1
4.174500E0	6.634778E-1
4.191200E0	6.632017E-1
4.207900E0	6.630192E-1
4.224600E0	6.626287E-1
4.241300E0	6.623253E-1
4.258000E0	6.620627E-1
4.274700E0	6.617575E-1
4.291400E0	6.614916E-1
4.308100E0	6.612874E-1
4.324800E0	6.608963E-1
4.341500E0	6.606992E-1
4.358100E0	6.602962E-1
4.374700E0	6.600102E-1
4.391500E0	6.597596E-1
4.408200E0	6.595405E-1
4.424900E0	6.592504E-1
4.441600E0	6.589489E-1
4.458300E0	6.586905E-1
4.475000E0	6.583129E-1
4.491700E0	6.580126E-1
4.508400E0	6.578104E-1
4.525100E0	6.574475E-1
4.541800E0	6.570659E-1
4.558500E0	6.568471E-1
4.575200E0	6.564435E-1
4.591900E0	6.562189E-1
4.608600E0	6.559431E-1
4.625300E0	6.554512E-1
4.642000E0	6.551694E-1
4.658700E0	6.548109E-1
4.675400E0	6.544628E-1
4.692100E0	6.541397E-1
4.708800E0	6.536750E-1
4.725500E0	6.533662E-1
4.742200E0	6.528971E-1
4.758900E0	6.526447E-1
4.775600E0	6.522402E-1
4.792300E0	6.516894E-1
4.809000E0	6.514509E-1
4.825700E0	6.508483E-1
4.842400E0	6.506032E-1
4.859100E0	6.500950E-1
4.875800E0	6.497818E-1
4.892500E0	6.493478E-1
4.909200E0	6.490406E-1
4.925900E0	6.486032E-1
4.942600E0	6.482345E-1
4.959300E0	6.479016E-1
4.976000E0	6.473837E-1
4.992700E0	6.470990E-1
5.009400E0	6.466513E-1
5.026100E0	6.463492E-1
5.042800E0	6.459782E-1
5.059500E0	6.456056E-1
5.076200E0	6.453366E-1
5.092800E0	6.450294E-1
5.109400E0	6.445661E-1
5.126200E0	6.442494E-1
5.142900E0	6.438200E-1
5.159600E0	6.435639E-1
5.176300E0	6.432285E-1
5.193000E0	6.428333E-1
5.209700E0	6.425740E-1
5.226400E0	6.421897E-1
5.243100E0	6.419482E-1
5.259800E0	6.415661E-1
5.276500E0	6.411445E-1
5.293200E0	6.409048E-1
5.309900E0	6.405766E-1
5.326600E0	6.403268E-1
5.343300E0	6.400126E-1
5.360000E0	6.397409E-1
5.376700E0	6.393113E-1
5.393400E0	6.390668E-1
5.410100E0	6.387324E-1
5.426800E0	6.383662E-1
5.443500E0	6.380394E-1
5.460200E0	6.376574E-1
5.476900E0	6.373310E-1
5.493600E0	6.369235E-1
5.510300E0	6.365939E-1
5.527000E0	6.362580E-1
5.543700E0	6.357825E-1
5.560400E0	6.354957E-1
5.577100E0	6.350681E-1
5.593800E0	6.347635E-1
5.610500E0	6.344154E-1
5.627200E0	6.339501E-1
5.643900E0	6.335591E-1
5.660600E0	6.331511E-1
5.677300E0	6.328408E-1
5.694000E0	6.323340E-1
5.710700E0	6.320150E-1
5.727400E0	6.315317E-1
5.744100E0	6.312272E-1
5.760800E0	6.308038E-1
5.777500E0	6.303568E-1
5.794200E0	6.300145E-1
5.810900E0	6.295620E-1
5.827500E0	6.292542E-1
5.844100E0	6.286458E-1
5.860900E0	6.283678E-1
5.877600E0	6.278185E-1
5.894300E0	6.275504E-1
5.911000E0	6.271447E-1
5.927700E0	6.268070E-1
5.944400E0	6.264152E-1
5.961100E0	6.259485E-1
5.977800E0	6.256750E-1
5.994500E0	6.252290E-1
6.011200E0	6.248842E-1
6.027900E0	6.244650E-1
6.044600E0	6.241118E-1
6.061300E0	6.239076E-1
6.078000E0	6.234487E-1
6.094700E0	6.231168E-1
6.111400E0	6.227445E-1
6.128100E0	6.224276E-1
6.144800E0	6.222191E-1
6.161500E0	6.218594E-1
6.178200E0	6.214878E-1
6.194900E0	6.212429E-1
6.211600E0	6.207519E-1
6.228300E0	6.205127E-1
6.245000E0	6.201980E-1
6.261700E0	6.197903E-1
6.278400E0	6.195224E-1
6.295100E0	6.191694E-1
6.311800E0	6.189453E-1
6.328500E0	6.186348E-1
6.345200E0	6.183067E-1
6.361900E0	6.180156E-1
6.378600E0	6.175513E-1
6.395300E0	6.172142E-1
6.412000E0	6.168987E-1
6.428700E0	6.164661E-1
6.445400E0	6.162375E-1
6.462100E0	6.157333E-1
6.478800E0	6.154507E-1
6.495500E0	6.149576E-1
6.512200E0	6.145372E-1
6.528900E0	6.142709E-1
6.545600E0	6.138097E-1
6.562300E0	6.135194E-1
6.578900E0	6.130253E-1
6.595500E0	6.126160E-1
6.612300E0	6.122898E-1
6.629000E0	6.117713E-1
6.645700E0	6.113831E-1
6.662400E0	6.109188E-1
6.679100E0	6.105084E-1
6.695800E0	6.100989E-1
6.712500E0	6.096906E-1
6.729200E0	6.091580E-1
6.745900E0	6.087332E-1
6.762600E0	6.082986E-1
6.779300E0	6.077739E-1
6.796000E0	6.073601E-1
6.812700E0	6.069888E-1
6.829400E0	6.065073E-1
6.846100E0	6.060899E-1
6.862800E0	6.055504E-1
6.879500E0	6.051309E-1
6.896200E0	6.047616E-1
6.912900E0	6.042907E-1
6.929600E0	6.039271E-1
6.946300E0	6.034084E-1
6.963000E0	6.030998E-1
6.979700E0	6.025957E-1
6.996400E0	6.022166E-1
7.013100E0	6.018261E-1
7.029800E0	6.014786E-1
7.046500E0	6.010830E-1
7.063200E0	6.006722E-1
7.079900E0	6.002223E-1
7.096600E0	5.998991E-1
7.113300E0	5.994727E-1
7.130000E0	5.990385E-1
7.146700E0	5.986881E-1
7.163400E0	5.983703E-1
7.180100E0	5.980349E-1
7.196800E0	5.975927E-1
7.213500E0	5.972498E-1
7.230200E0	5.968558E-1
7.246900E0	5.964471E-1
7.263600E0	5.962012E-1
7.280300E0	5.957130E-1
7.297000E0	5.953555E-1
7.313600E0	5.950058E-1
7.330200E0	5.945414E-1
7.347000E0	5.941530E-1
7.363700E0	5.938058E-1
7.380400E0	5.934624E-1
7.397100E0	5.931088E-1
7.413800E0	5.927732E-1
7.430500E0	5.923672E-1
7.447200E0	5.918929E-1
7.463900E0	5.915502E-1
7.480600E0	5.911796E-1
7.497300E0	5.908587E-1
7.514000E0	5.904205E-1
7.530700E0	5.900490E-1
7.547400E0	5.896016E-1
7.564100E0	5.891657E-1
7.580800E0	5.887669E-1
7.597500E0	5.883107E-1
7.614200E0	5.879122E-1
7.630900E0	5.874316E-1
7.647600E0	5.869885E-1
7.664300E0	5.865424E-1
7.681000E0	5.860960E-1
7.697700E0	5.856326E-1
7.714400E0	5.851663E-1
7.731100E0	5.846936E-1
7.747800E0	5.843815E-1
7.764500E0	5.838786E-1
7.781200E0	5.833153E-1
7.797900E0	5.828599E-1
7.814600E0	5.825410E-1
7.831300E0	5.820924E-1
7.848000E0	5.815204E-1
7.864700E0	5.811497E-1
7.881400E0	5.807180E-1
7.898100E0	5.801891E-1
7.914800E0	5.798539E-1
7.931500E0	5.793685E-1
7.948200E0	5.789822E-1
7.964900E0	5.784389E-1
7.981600E0	5.780877E-1
7.998300E0	5.776116E-1
8.015000E0	5.772616E-1
8.031700E0	5.767470E-1
8.048300E0	5.763330E-1
8.064900E0	5.758877E-1
8.081700E0	5.755122E-1
8.098400E0	5.750398E-1
8.115100E0	5.747059E-1
8.131800E0	5.741934E-1
8.148500E0	5.738956E-1
8.165200E0	5.735068E-1
8.181900E0	5.730357E-1
8.198600E0	5.727120E-1
8.215300E0	5.723112E-1
8.232000E0	5.719755E-1
8.248700E0	5.714954E-1
8.265400E0	5.711387E-1
8.282100E0	5.707377E-1
8.298800E0	5.704496E-1
8.315500E0	5.700686E-1
8.332200E0	5.696313E-1
8.348900E0	5.692872E-1
8.365600E0	5.687844E-1
8.382300E0	5.685399E-1
8.399000E0	5.680296E-1
8.415700E0	5.677317E-1
8.432400E0	5.674202E-1
8.449100E0	5.669671E-1
8.465800E0	5.666236E-1
8.482500E0	5.661332E-1
8.499200E0	5.657574E-1
8.515900E0	5.652599E-1
8.532600E0	5.649391E-1
8.549300E0	5.644817E-1
8.566000E0	5.642503E-1
8.582700E0	5.636898E-1
8.599400E0	5.633243E-1
8.616100E0	5.628552E-1
8.632800E0	5.624831E-1
8.649500E0	5.620024E-1
8.666200E0	5.616876E-1
8.682900E0	5.611719E-1
8.699600E0	5.607424E-1
8.716300E0	5.601983E-1
8.733000E0	5.598350E-1
8.749700E0	5.593668E-1
8.766400E0	5.589008E-1
8.783000E0	5.584728E-1
8.799600E0	5.580109E-1
8.816400E0	5.575885E-1
8.833100E0	5.571385E-1
8.849800E0	5.566236E-1
8.866500E0	5.562257E-1
8.883200E0	5.557601E-1
8.899900E0	5.553901E-1
8.916600E0	5.548824E-1
8.933300E0	5.544221E-1
8.950000E0	5.539998E-1
8.966700E0	5.536316E-1
8.983400E0	5.531217E-1
9.000100E0	5.527176E-1
9.016800E0	5.521955E-1
9.033500E0	5.517811E-1
9.050200E0	5.513080E-1
9.066900E0	5.509096E-1
9.083600E0	5.504179E-1
9.100300E0	5.501211E-1
9.117000E0	5.495670E-1
9.133700E0	5.491204E-1
9.150400E0	5.486748E-1
9.167100E0	5.483464E-1
9.183800E0	5.478237E-1
9.200500E0	5.473983E-1
9.217200E0	5.470098E-1
9.233900E0	5.465924E-1
9.250600E0	5.461539E-1
9.267300E0	5.456850E-1
9.284000E0	5.451974E-1
9.300700E0	5.447890E-1
9.317400E0	5.443889E-1
9.334100E0	5.439670E-1
9.350800E0	5.435190E-1
9.367500E0	5.431027E-1
9.384200E0	5.426638E-1
9.400900E0	5.422484E-1
9.417600E0	5.417446E-1
9.434300E0	5.412374E-1
9.451000E0	5.408799E-1
9.467700E0	5.404781E-1
9.484400E0	5.400435E-1
9.501100E0	5.395723E-1
9.517700E0	5.391066E-1
9.534300E0	5.387000E-1
9.551100E0	5.383251E-1
9.567800E0	5.379460E-1
9.584500E0	5.375751E-1
9.601200E0	5.370916E-1
9.617900E0	5.366810E-1
9.634600E0	5.363294E-1
9.651300E0	5.358613E-1
9.668000E0	5.354717E-1
9.684700E0	5.350496E-1
9.701400E0	5.345611E-1
9.718100E0	5.341396E-1
9.734800E0	5.336204E-1
9.751500E0	5.332316E-1
9.768200E0	5.328424E-1
9.784900E0	5.323671E-1
9.801600E0	5.318982E-1
9.818300E0	5.313835E-1
9.835000E0	5.309604E-1
9.851700E0	5.305048E-1
9.868400E0	5.300541E-1
9.885100E0	5.296341E-1
9.901800E0	5.291870E-1
9.918500E0	5.286869E-1
9.935200E0	5.282269E-1
9.951900E0	5.278628E-1
9.968600E0	5.273396E-1
9.985300E0	5.269393E-1
1.000200E1	5.264659E-1
1.001870E1	5.260087E-1
1.003540E1	5.256002E-1
1.005210E1	5.251827E-1
1.006880E1	5.246939E-1
1.008550E1	5.242754E-1
1.010220E1	5.238557E-1
1.011890E1	5.233327E-1
1.013560E1	5.228912E-1
1.015230E1	5.225298E-1
1.016900E1	5.219719E-1
1.018570E1	5.215800E-1
1.020240E1	5.211561E-1
1.021910E1	5.207213E-1
1.023580E1	5.202185E-1
1.025240E1	5.197917E-1
1.026900E1	5.193401E-1
1.028580E1	5.189502E-1
1.030250E1	5.185406E-1
1.031920E1	5.181118E-1
1.033590E1	5.176544E-1
1.035260E1	5.171598E-1
1.036930E1	5.167299E-1
1.038600E1	5.163150E-1
1.040270E1	5.159309E-1
1.041940E1	5.154840E-1
1.043610E1	5.149434E-1
1.045280E1	5.145246E-1
1.046950E1	5.141304E-1
1.048620E1	5.136159E-1
1.050290E1	5.132082E-1
1.051960E1	5.128256E-1
1.053630E1	5.123695E-1
1.055300E1	5.119126E-1
1.056970E1	5.114158E-1
1.058640E1	5.110326E-1
1.060310E1	5.106074E-1
1.061980E1	5.101434E-1
1.063650E1	5.096730E-1
1.065320E1	5.092731E-1
1.066990E1	5.087251E-1
1.068660E1	5.083998E-1
1.070330E1	5.079348E-1
1.072000E1	5.075298E-1
1.073670E1	5.070037E-1
1.075340E1	5.065894E-1
1.077010E1	5.060499E-1
1.078680E1	5.056629E-1
1.080350E1	5.052433E-1
1.082020E1	5.048392E-1
1.083690E1	5.043042E-1
1.085360E1	5.039191E-1
1.087030E1	5.033769E-1
1.088700E1	5.029722E-1
1.090370E1	5.025100E-1
1.092040E1	5.021047E-1
1.093710E1	5.016488E-1
1.095380E1	5.011680E-1
1.097050E1	5.007173E-1
1.098710E1	5.002749E-1
1.100370E1	4.998226E-1
1.102050E1	4.993801E-1
1.103720E1	4.988911E-1
1.105390E1	4.984764E-1
1.107060E1	4.979713E-1
1.108730E1	4.976051E-1
1.110400E1	4.971373E-1
1.112070E1	4.966205E-1
1.113740E1	4.962474E-1
1.115410E1	4.957339E-1
1.117080E1	4.953541E-1
1.118750E1	4.948090E-1
1.120420E1	4.944240E-1
1.122090E1	4.938925E-1
1.123760E1	4.935701E-1
1.125430E1	4.930230E-1
1.127100E1	4.926156E-1
1.128770E1	4.921437E-1
1.130440E1	4.917700E-1
1.132110E1	4.912370E-1
1.133780E1	4.909108E-1
1.135450E1	4.904665E-1
1.137120E1	4.899836E-1
1.138790E1	4.895148E-1
1.140460E1	4.890197E-1
1.142130E1	4.886371E-1
1.143800E1	4.881224E-1
1.145470E1	4.877321E-1
1.147140E1	4.872777E-1
1.148810E1	4.868820E-1
1.150480E1	4.863870E-1
1.152150E1	4.859721E-1
1.153820E1	4.853902E-1
1.155490E1	4.850863E-1
1.157160E1	4.844556E-1
1.158830E1	4.841396E-1
1.160500E1	4.836077E-1
1.162170E1	4.832098E-1
1.163840E1	4.825593E-1
1.165510E1	4.822316E-1
1.167180E1	4.816706E-1
1.168850E1	4.811961E-1
1.170520E1	4.807164E-1
1.172190E1	4.803911E-1
1.173850E1	4.797838E-1
1.175510E1	4.794752E-1
1.177190E1	4.789018E-1
1.178860E1	4.786395E-1
1.180530E1	4.780422E-1
1.182200E1	4.775462E-1
1.183870E1	4.771161E-1
1.185540E1	4.768870E-1
1.187210E1	4.762276E-1
1.188880E1	4.759063E-1
1.190550E1	4.753096E-1
1.192220E1	4.750727E-1
1.193890E1	4.744801E-1
1.195560E1	4.740856E-1
1.197230E1	4.735282E-1
1.198900E1	4.732440E-1
1.200570E1	4.726925E-1
1.202240E1	4.722285E-1
1.203910E1	4.717594E-1
1.205580E1	4.714849E-1
1.207250E1	4.708663E-1
1.208920E1	4.704494E-1
1.210590E1	4.700088E-1
1.212260E1	4.695724E-1
1.213930E1	4.690601E-1
1.215600E1	4.685834E-1
1.217270E1	4.682022E-1
1.218940E1	4.676398E-1
1.220610E1	4.672431E-1
1.222280E1	4.665974E-1
1.223950E1	4.661947E-1
1.225620E1	4.656419E-1
1.227290E1	4.652367E-1
1.228960E1	4.646831E-1
1.230630E1	4.642635E-1
1.232300E1	4.637414E-1
1.233970E1	4.632649E-1
1.235640E1	4.628333E-1
1.237310E1	4.623205E-1
1.238980E1	4.619539E-1
1.240650E1	4.613017E-1
1.242320E1	4.609433E-1
1.243990E1	4.602505E-1
1.245660E1	4.599044E-1
1.247320E1	4.592626E-1
1.248980E1	4.589318E-1
1.250660E1	4.583451E-1
1.252330E1	4.577636E-1
1.254000E1	4.572544E-1
1.255670E1	4.568057E-1
1.257340E1	4.563338E-1
1.259010E1	4.556953E-1
1.260680E1	4.553515E-1
1.262350E1	4.547016E-1
1.264020E1	4.543407E-1
1.265690E1	4.536963E-1
1.267360E1	4.533265E-1
1.269030E1	4.526953E-1
1.270700E1	4.523771E-1
1.272370E1	4.517371E-1
1.274040E1	4.514282E-1
1.275710E1	4.508904E-1
1.277380E1	4.504760E-1
1.279050E1	4.500440E-1
1.280720E1	4.495910E-1
1.282390E1	4.491027E-1
1.284060E1	4.486811E-1
1.285730E1	4.482435E-1
1.287400E1	4.477139E-1
1.289070E1	4.472323E-1
1.290740E1	4.467443E-1
1.292410E1	4.462852E-1
1.294080E1	4.457652E-1
1.295750E1	4.453358E-1
1.297420E1	4.447693E-1
1.299090E1	4.443998E-1
1.300760E1	4.438861E-1
1.302430E1	4.434805E-1
1.304100E1	4.429747E-1
1.305770E1	4.425887E-1
1.307440E1	4.420488E-1
1.309110E1	4.416021E-1
1.310780E1	4.412019E-1
1.312450E1	4.406781E-1
1.314120E1	4.402997E-1
1.315790E1	4.398861E-1
1.317460E1	4.394450E-1
1.319130E1	4.388943E-1
1.320790E1	4.385512E-1
1.322450E1	4.379498E-1
1.324130E1	4.375974E-1
1.325800E1	4.370098E-1
1.327470E1	4.365573E-1
1.329140E1	4.360149E-1
1.330810E1	4.355247E-1
1.332480E1	4.350314E-1
1.334150E1	4.345717E-1
1.335820E1	4.341324E-1
1.337490E1	4.335471E-1
1.339160E1	4.332278E-1
1.340830E1	4.326740E-1
1.342500E1	4.323129E-1
1.344170E1	4.317802E-1
1.345840E1	4.313559E-1
1.347510E1	4.308702E-1
1.349180E1	4.305403E-1
1.350850E1	4.299888E-1
1.352520E1	4.294824E-1
1.354190E1	4.290293E-1
1.355860E1	4.284468E-1
1.357530E1	4.279766E-1
1.359200E1	4.274004E-1
1.360870E1	4.270965E-1
1.362540E1	4.265033E-1
1.364210E1	4.261110E-1
1.365880E1	4.255248E-1
1.367550E1	4.250548E-1
1.369220E1	4.244718E-1
1.370890E1	4.239601E-1
1.372560E1	4.235505E-1
1.374230E1	4.230231E-1
1.375900E1	4.225522E-1
1.377570E1	4.219524E-1
1.379240E1	4.216019E-1
1.380910E1	4.210091E-1
1.382580E1	4.205377E-1
1.384250E1	4.200099E-1
1.385920E1	4.194986E-1
1.387590E1	4.190849E-1
1.389260E1	4.184435E-1
1.390930E1	4.181825E-1
1.392600E1	4.175329E-1
1.394260E1	4.171393E-1
1.395920E1	4.165262E-1
1.397600E1	4.161420E-1
1.399270E1	4.155747E-1
1.400940E1	4.150754E-1
1.402610E1	4.146400E-1
1.404280E1	4.141600E-1
1.405950E1	4.137397E-1
1.407620E1	4.130640E-1
1.409290E1	4.127890E-1
1.410960E1	4.121364E-1
1.412630E1	4.117956E-1
1.414300E1	4.111823E-1
1.415970E1	4.109223E-1
1.417640E1	4.103043E-1
1.419310E1	4.098180E-1
1.420980E1	4.093421E-1
1.422650E1	4.087924E-1
1.424320E1	4.084072E-1
1.425990E1	4.077131E-1
1.427660E1	4.074165E-1
1.429330E1	4.067816E-1
1.431000E1	4.064535E-1
1.432670E1	4.058450E-1
1.434340E1	4.055114E-1
1.436010E1	4.048703E-1
1.437680E1	4.043220E-1
1.439350E1	4.039793E-1
1.441020E1	4.034483E-1
1.442690E1	4.030520E-1
1.444360E1	4.024726E-1
1.446030E1	4.021103E-1
1.447700E1	4.015027E-1
1.449370E1	4.010764E-1
1.451040E1	4.005227E-1
1.452710E1	4.000607E-1
1.454380E1	3.995840E-1
1.456050E1	3.990139E-1
1.457720E1	3.986494E-1
1.459390E1	3.979646E-1
1.461060E1	3.976701E-1
1.462730E1	3.970673E-1
1.464400E1	3.966663E-1
1.466070E1	3.960443E-1
1.467730E1	3.955404E-1
1.469390E1	3.951299E-1
1.471070E1	3.946150E-1
1.472740E1	3.941904E-1
1.474410E1	3.935378E-1
1.476080E1	3.932302E-1
1.477750E1	3.925921E-1
1.479420E1	3.922102E-1
1.481090E1	3.916023E-1
1.482760E1	3.912032E-1
1.484430E1	3.906510E-1
1.486100E1	3.902054E-1
1.487770E1	3.897784E-1
1.489440E1	3.891566E-1
1.491110E1	3.888614E-1
1.492780E1	3.881902E-1
1.494450E1	3.878455E-1
1.496120E1	3.872378E-1
1.497790E1	3.868314E-1
1.499460E1	3.862929E-1
1.501130E1	3.858069E-1
1.502800E1	3.853621E-1
1.504470E1	3.847958E-1
1.506140E1	3.844606E-1
1.507810E1	3.838156E-1
1.509480E1	3.834798E-1
1.511150E1	3.829043E-1
1.512820E1	3.824789E-1
1.514490E1	3.819484E-1
1.516160E1	3.814062E-1
1.517830E1	3.809910E-1
1.519500E1	3.804153E-1
1.521170E1	3.800591E-1
1.522840E1	3.793338E-1
1.524510E1	3.790094E-1
1.526180E1	3.783992E-1
1.527850E1	3.781008E-1
1.529520E1	3.774588E-1
1.531190E1	3.770591E-1
1.532860E1	3.765247E-1
1.534530E1	3.760181E-1
1.536200E1	3.755829E-1
1.537870E1	3.749540E-1
1.539540E1	3.747016E-1
1.541210E1	3.740373E-1
1.542870E1	3.737055E-1
1.544530E1	3.731644E-1
1.546210E1	3.726883E-1
1.547880E1	3.722221E-1
1.549550E1	3.716283E-1
1.551220E1	3.711979E-1
1.552890E1	3.705472E-1
1.554560E1	3.702524E-1
1.556230E1	3.695572E-1
1.557900E1	3.691463E-1
1.559570E1	3.685794E-1
1.561240E1	3.680700E-1
1.562910E1	3.675770E-1
1.564580E1	3.669210E-1
1.566250E1	3.665698E-1
1.567920E1	3.659366E-1
1.569590E1	3.655783E-1
1.571260E1	3.649236E-1
1.572930E1	3.644411E-1
1.574600E1	3.640466E-1
1.576270E1	3.634871E-1
1.577940E1	3.631177E-1
1.579610E1	3.624360E-1
1.581280E1	3.620264E-1
1.582950E1	3.614543E-1
1.584620E1	3.609345E-1
1.586290E1	3.604415E-1
1.587960E1	3.599653E-1
1.589630E1	3.595472E-1
1.591300E1	3.588804E-1
1.592970E1	3.584486E-1
1.594640E1	3.579340E-1
1.596310E1	3.573910E-1
1.597980E1	3.569197E-1
1.599650E1	3.564089E-1
1.601320E1	3.560183E-1
1.602990E1	3.553650E-1
1.604660E1	3.549250E-1
1.606330E1	3.543408E-1
1.608000E1	3.538832E-1
1.609670E1	3.533957E-1
1.611340E1	3.528911E-1
1.613010E1	3.524435E-1
1.614680E1	3.518306E-1
1.616340E1	3.514578E-1
1.618000E1	3.508322E-1
1.619680E1	3.504651E-1
1.621350E1	3.498602E-1
1.623020E1	3.493980E-1
1.624690E1	3.489313E-1
1.626360E1	3.483813E-1
1.628030E1	3.479989E-1
1.629700E1	3.473637E-1
1.631370E1	3.470214E-1
1.633040E1	3.464085E-1
1.634710E1	3.459615E-1
1.636380E1	3.454379E-1
1.638050E1	3.449475E-1
1.639720E1	3.445327E-1
1.641390E1	3.439570E-1
1.643060E1	3.436018E-1
1.644730E1	3.429429E-1
1.646400E1	3.425906E-1
1.648070E1	3.419920E-1
1.649740E1	3.415918E-1
1.651410E1	3.410012E-1
1.653080E1	3.404418E-1
1.654750E1	3.400672E-1
1.656420E1	3.395222E-1
1.658090E1	3.391768E-1
1.659760E1	3.385130E-1
1.661430E1	3.381856E-1
1.663100E1	3.375627E-1
1.664770E1	3.371406E-1
1.666440E1	3.365904E-1
1.668110E1	3.360441E-1
1.669780E1	3.356452E-1
1.671450E1	3.349982E-1
1.673120E1	3.347118E-1
1.674790E1	3.340750E-1
1.676460E1	3.336026E-1
1.678130E1	3.330313E-1
1.679800E1	3.325605E-1
1.681470E1	3.320991E-1
1.683140E1	3.314929E-1
1.684810E1	3.312003E-1
1.686480E1	3.305444E-1
1.688150E1	3.302298E-1
1.689810E1	3.295864E-1
1.691470E1	3.291695E-1
1.693150E1	3.285801E-1
1.694820E1	3.280502E-1
1.696490E1	3.276742E-1
1.698160E1	3.269696E-1
1.699830E1	3.266147E-1
1.701500E1	3.259913E-1
1.703170E1	3.254852E-1
1.704840E1	3.250239E-1
1.706510E1	3.244100E-1
1.708180E1	3.240595E-1
1.709850E1	3.233993E-1
1.711520E1	3.230091E-1
1.713190E1	3.224415E-1
1.714860E1	3.219378E-1
1.716530E1	3.214773E-1
1.718200E1	3.207388E-1
1.719870E1	3.204283E-1
1.721540E1	3.197659E-1
1.723210E1	3.193512E-1
1.724880E1	3.188190E-1
1.726550E1	3.182703E-1
1.728220E1	3.178194E-1
1.729890E1	3.171507E-1
1.731560E1	3.167792E-1
1.733230E1	3.162190E-1
1.734900E1	3.157295E-1
1.736570E1	3.152295E-1
1.738240E1	3.146535E-1
1.739910E1	3.142682E-1
1.741580E1	3.136380E-1
1.743250E1	3.131349E-1
1.744920E1	3.125983E-1
1.746590E1	3.120580E-1
1.748260E1	3.116305E-1
1.749930E1	3.110002E-1
1.751600E1	3.105092E-1
1.753270E1	3.099605E-1
1.754940E1	3.094696E-1
1.756610E1	3.089843E-1
1.758280E1	3.084607E-1
1.759950E1	3.080341E-1
1.761620E1	3.074684E-1
1.763280E1	3.070961E-1
1.764940E1	3.065269E-1
1.766620E1	3.060109E-1
1.768290E1	3.055131E-1
1.769960E1	3.049173E-1
1.771630E1	3.045348E-1
1.773300E1	3.040038E-1
1.774970E1	3.036621E-1
1.776640E1	3.029989E-1
1.778310E1	3.024827E-1
1.779980E1	3.020198E-1
1.783318E1	3.010373E-1
1.784988E1	3.005062E-1
1.786658E1	3.000729E-1
1.788328E1	2.994286E-1
1.789998E1	2.990967E-1
1.791668E1	2.985406E-1
1.793338E1	2.980375E-1
1.795008E1	2.975273E-1
1.796678E1	2.969812E-1
1.798348E1	2.965899E-1
1.800018E1	2.960911E-1
1.801688E1	2.956427E-1
1.803358E1	2.950565E-1
1.805028E1	2.947214E-1
1.806698E1	2.940663E-1
1.808368E1	2.936183E-1
1.810038E1	2.931548E-1
1.811708E1	2.925857E-1
1.813378E1	2.921540E-1
1.815048E1	2.916721E-1
1.816718E1	2.912181E-1
1.818388E1	2.906079E-1
1.820058E1	2.902247E-1
1.821728E1	2.897432E-1
1.823398E1	2.892473E-1
1.825068E1	2.887701E-1
1.826738E1	2.881857E-1
1.828408E1	2.876957E-1
1.830078E1	2.871087E-1
1.831748E1	2.867433E-1
1.833418E1	2.862255E-1
1.835088E1	2.858742E-1
1.836758E1	2.852470E-1
1.838428E1	2.847194E-1
1.840098E1	2.841962E-1
1.841768E1	2.837017E-1
1.843438E1	2.832001E-1
1.845108E1	2.826798E-1
1.846768E1	2.821106E-1
1.848428E1	2.816147E-1
1.850108E1	2.811179E-1
1.851778E1	2.806009E-1
1.853448E1	2.799491E-1
1.855118E1	2.796166E-1
1.856788E1	2.790269E-1
1.858458E1	2.783836E-1
1.860128E1	2.779398E-1
1.861798E1	2.774543E-1
1.863468E1	2.768576E-1
1.865138E1	2.763349E-1
1.866808E1	2.758188E-1
1.868478E1	2.752853E-1
1.870148E1	2.746506E-1
1.871818E1	2.741553E-1
1.873488E1	2.736328E-1
1.875158E1	2.731129E-1
1.876828E1	2.725158E-1
1.878498E1	2.719523E-1
1.880168E1	2.714424E-1
1.881838E1	2.709472E-1
1.883508E1	2.703979E-1
1.885178E1	2.698871E-1
1.886848E1	2.692887E-1
1.888518E1	2.687896E-1
1.890188E1	2.682505E-1
1.891858E1	2.676829E-1
1.893528E1	2.672150E-1
1.895198E1	2.666581E-1
1.896868E1	2.661047E-1
1.898538E1	2.655791E-1
1.900208E1	2.651041E-1
1.901878E1	2.644953E-1
1.903548E1	2.639995E-1
1.905218E1	2.635071E-1
1.906888E1	2.629436E-1
1.908558E1	2.623381E-1
1.910228E1	2.618175E-1
1.911898E1	2.613686E-1
1.913568E1	2.609733E-1
1.915238E1	2.603388E-1
1.916908E1	2.597834E-1
1.918578E1	2.592487E-1
1.920238E1	2.587980E-1
1.921898E1	2.581121E-1
1.923578E1	2.576767E-1
1.925248E1	2.571380E-1
1.926918E1	2.565364E-1
1.928588E1	2.561153E-1
1.930258E1	2.555767E-1
1.931928E1	2.550788E-1
1.933598E1	2.546123E-1
1.935268E1	2.540460E-1
1.936938E1	2.535308E-1
1.938608E1	2.531048E-1
1.940278E1	2.525248E-1
1.941948E1	2.520953E-1
1.943618E1	2.516129E-1
1.945288E1	2.510327E-1
1.946958E1	2.506051E-1
1.948628E1	2.500379E-1
1.950298E1	2.495154E-1
1.951968E1	2.490250E-1
1.953638E1	2.484493E-1
1.955308E1	2.481107E-1
1.956978E1	2.474992E-1
1.958648E1	2.470472E-1
1.960318E1	2.465221E-1
1.961988E1	2.460245E-1
1.963658E1	2.455652E-1
1.965328E1	2.448988E-1
1.966998E1	2.445440E-1
1.968668E1	2.439611E-1
1.970338E1	2.435366E-1
1.972008E1	2.430416E-1
1.973678E1	2.425295E-1
1.975348E1	2.420232E-1
1.977018E1	2.414446E-1
1.978688E1	2.410566E-1
1.980358E1	2.403918E-1
1.982028E1	2.400147E-1
1.983698E1	2.394657E-1
1.985358E1	2.389336E-1
1.987018E1	2.384330E-1
1.988698E1	2.378661E-1
1.990368E1	2.374550E-1
1.992038E1	2.368023E-1
1.993708E1	2.363800E-1
1.995378E1	2.357727E-1
1.997048E1	2.352166E-1
1.998718E1	2.348191E-1
2.000388E1	2.341546E-1
2.002058E1	2.336900E-1
2.003728E1	2.331315E-1
2.005398E1	2.325921E-1
2.007068E1	2.321370E-1
2.008738E1	2.314552E-1
2.010408E1	2.309954E-1
2.012078E1	2.304663E-1
2.013748E1	2.297871E-1
2.015418E1	2.294818E-1
2.017088E1	2.288360E-1
2.018758E1	2.282787E-1
2.020428E1	2.277677E-1
2.022098E1	2.270590E-1
2.023768E1	2.266437E-1
2.025438E1	2.259875E-1
2.027108E1	2.254470E-1
2.028778E1	2.249879E-1
2.030448E1	2.243201E-1
2.032118E1	2.238440E-1
2.033788E1	2.233195E-1
2.035458E1	2.225865E-1
2.037128E1	2.221435E-1
2.038798E1	2.215604E-1
2.040468E1	2.208604E-1
2.042138E1	2.203606E-1
2.043808E1	2.197395E-1
2.045478E1	2.192112E-1
2.047148E1	2.186989E-1
2.048818E1	2.181729E-1
2.050488E1	2.176515E-1
2.052158E1	2.170537E-1
2.053828E1	2.165066E-1
2.055498E1	2.160300E-1
2.057168E1	2.154173E-1
2.058828E1	2.149275E-1
2.060488E1	2.143728E-1
2.062168E1	2.137058E-1
2.063838E1	2.133730E-1
2.065508E1	2.127284E-1
2.067178E1	2.121737E-1
2.068848E1	2.117657E-1
2.070518E1	2.110533E-1
2.072188E1	2.105963E-1
2.073858E1	2.100574E-1
2.075528E1	2.094413E-1
2.077198E1	2.090149E-1
2.078868E1	2.084303E-1
2.080538E1	2.078930E-1
2.082208E1	2.073605E-1
2.083878E1	2.067948E-1
2.085548E1	2.064163E-1
2.087218E1	2.057569E-1
2.088888E1	2.053584E-1
2.090558E1	2.047034E-1
2.092228E1	2.042522E-1
2.093898E1	2.037483E-1
2.095568E1	2.031744E-1
2.097238E1	2.027658E-1
2.098908E1	2.022765E-1
2.100578E1	2.018310E-1
2.102248E1	2.012849E-1
2.103918E1	2.008751E-1
2.105588E1	2.002905E-1
2.107258E1	1.997572E-1
2.108928E1	1.993353E-1
2.110598E1	1.986943E-1
2.112268E1	1.983221E-1
2.113938E1	1.977187E-1
2.115608E1	1.973096E-1
2.117278E1	1.967362E-1
2.118948E1	1.963261E-1
2.120618E1	1.957845E-1
2.122288E1	1.953005E-1
2.123958E1	1.948598E-1
2.125628E1	1.942413E-1
2.127298E1	1.938610E-1
2.128968E1	1.932571E-1
2.130638E1	1.929384E-1
2.132298E1	1.923774E-1
2.133958E1	1.919793E-1
2.135638E1	1.913880E-1
2.137308E1	1.908508E-1
2.138978E1	1.904321E-1
2.140648E1	1.899476E-1
2.142318E1	1.894740E-1
2.143988E1	1.888587E-1
2.145658E1	1.884531E-1
2.147328E1	1.878039E-1
2.148998E1	1.872999E-1
2.150668E1	1.868141E-1
2.152338E1	1.864198E-1
2.154008E1	1.858703E-1
2.155678E1	1.852741E-1
2.157348E1	1.848326E-1
2.159018E1	1.841952E-1
2.160688E1	1.835691E-1
2.162358E1	1.832055E-1
2.164028E1	1.825897E-1
2.165698E1	1.820462E-1
2.167368E1	1.815197E-1
2.169038E1	1.809051E-1
2.170708E1	1.804234E-1
2.172378E1	1.798691E-1
2.174048E1	1.792216E-1
2.175718E1	1.787652E-1
2.177388E1	1.781539E-1
2.179058E1	1.777092E-1
2.180728E1	1.771008E-1
2.182398E1	1.764229E-1
2.184068E1	1.759970E-1
2.185738E1	1.752416E-1
2.187408E1	1.747613E-1
2.189078E1	1.743228E-1
2.190748E1	1.736292E-1
2.192418E1	1.732201E-1
2.194088E1	1.725544E-1
2.195758E1	1.719445E-1
2.197428E1	1.715581E-1
2.199098E1	1.708822E-1
2.200768E1	1.703047E-1
2.202438E1	1.697817E-1
2.204108E1	1.691611E-1
2.205778E1	1.686199E-1
2.207438E1	1.679889E-1
2.209098E1	1.674107E-1
2.210778E1	1.668825E-1
2.212448E1	1.663343E-1
2.214118E1	1.657218E-1
2.215788E1	1.652122E-1
2.217458E1	1.645950E-1
2.219128E1	1.640450E-1
2.220798E1	1.633910E-1
2.222468E1	1.629083E-1
2.224138E1	1.623715E-1
2.225808E1	1.618291E-1
2.227478E1	1.611958E-1
2.229148E1	1.606931E-1
2.230818E1	1.600684E-1
2.232488E1	1.595426E-1
2.234158E1	1.589912E-1
2.235828E1	1.584126E-1
2.237498E1	1.579002E-1
2.239168E1	1.573458E-1
2.240838E1	1.568017E-1
2.242508E1	1.562327E-1
2.244178E1	1.557271E-1
2.245848E1	1.552816E-1
2.247518E1	1.548044E-1
2.249188E1	1.542745E-1
2.250858E1	1.537247E-1
2.252528E1	1.531825E-1
2.254198E1	1.525849E-1
2.255868E1	1.521439E-1
2.257538E1	1.517755E-1
2.259208E1	1.512225E-1
2.260878E1	1.506767E-1
2.262548E1	1.503263E-1
2.264218E1	1.497397E-1
2.265888E1	1.493096E-1
2.267558E1	1.487124E-1
2.269228E1	1.482666E-1
2.270898E1	1.477471E-1
2.272568E1	1.473991E-1
2.274238E1	1.467813E-1
2.275908E1	1.462680E-1
2.277578E1	1.458606E-1
2.279248E1	1.452113E-1
2.280908E1	1.448225E-1
2.282568E1	1.442399E-1
2.284248E1	1.438746E-1
2.285918E1	1.433340E-1
2.287588E1	1.429451E-1
2.289258E1	1.424267E-1
2.290928E1	1.419506E-1
2.292598E1	1.415500E-1
2.294268E1	1.410405E-1
2.295938E1	1.405787E-1
2.297608E1	1.399915E-1
2.299278E1	1.395768E-1
2.300948E1	1.389589E-1
2.302618E1	1.385633E-1
2.304288E1	1.380070E-1
2.305958E1	1.375407E-1
2.307628E1	1.370853E-1
2.309298E1	1.365426E-1
2.310968E1	1.360292E-1
2.312638E1	1.354693E-1
2.314308E1	1.351126E-1
2.315978E1	1.344556E-1
2.317648E1	1.340613E-1
2.319318E1	1.332890E-1
2.320988E1	1.327151E-1
2.322658E1	1.323651E-1
2.324328E1	1.318295E-1
2.325998E1	1.312037E-1
2.327668E1	1.307179E-1
2.329338E1	1.300016E-1
2.331008E1	1.293950E-1
2.332678E1	1.289041E-1
2.334348E1	1.282841E-1
2.336018E1	1.278677E-1
2.337688E1	1.272088E-1
2.339358E1	1.266399E-1
2.341028E1	1.260445E-1
2.342698E1	1.254048E-1
2.344368E1	1.248701E-1
2.346038E1	1.243097E-1
2.347708E1	1.236606E-1
2.349378E1	1.231435E-1
2.351048E1	1.224562E-1
2.352718E1	1.219403E-1
2.354378E1	1.213914E-1
2.356038E1	1.208724E-1
2.357718E1	1.201928E-1
2.359388E1	1.197473E-1
2.361058E1	1.190478E-1
2.362728E1	1.185166E-1
2.364398E1	1.180289E-1
2.366068E1	1.173289E-1
2.367738E1	1.168953E-1
2.369408E1	1.162340E-1
2.371078E1	1.155699E-1
2.372748E1	1.150464E-1
2.374418E1	1.145370E-1
2.376088E1	1.138272E-1
2.377758E1	1.132497E-1
2.379428E1	1.127213E-1
2.381098E1	1.121114E-1
2.382768E1	1.115152E-1
2.384438E1	1.109420E-1
2.386108E1	1.103335E-1
2.387778E1	1.098338E-1
2.389448E1	1.092285E-1
2.391118E1	1.085546E-1
2.392788E1	1.079579E-1
2.394458E1	1.073951E-1
2.396128E1	1.067499E-1
2.397798E1	1.061725E-1
2.399468E1	1.056226E-1
