0.000000E0	7.366145E-1
3.335556E-2	7.364648E-1
5.005556E-2	7.365426E-1
6.675556E-2	7.364898E-1
8.345556E-2	7.365447E-1
1.001556E-1	7.363448E-1
1.168556E-1	7.361182E-1
1.335556E-1	7.361230E-1
1.502556E-1	7.360313E-1
1.669556E-1	7.359609E-1
1.836556E-1	7.358810E-1
2.003556E-1	7.356237E-1
2.170556E-1	7.354336E-1
2.337556E-1	7.351259E-1
2.504556E-1	7.353206E-1
2.671556E-1	7.352606E-1
2.838556E-1	7.351873E-1
3.005556E-1	7.351804E-1
3.172556E-1	7.349929E-1
3.339556E-1	7.348630E-1
3.506556E-1	7.347173E-1
3.673556E-1	7.347241E-1
3.840556E-1	7.344232E-1
4.007556E-1	7.344429E-1
4.174556E-1	7.341362E-1
4.341556E-1	7.340130E-1
4.508556E-1	7.339667E-1
4.675556E-1	7.339450E-1
4.842556E-1	7.339587E-1
5.009556E-1	7.339429E-1
5.176556E-1	7.333484E-1
5.343556E-1	7.333619E-1
5.510556E-1	7.332851E-1
5.677556E-1	7.333537E-1
5.843556E-1	7.333534E-1
6.009556E-1	7.333289E-1
6.177556E-1	7.333289E-1
6.344556E-1	7.332412E-1
6.511556E-1	7.330790E-1
6.678556E-1	7.330014E-1
6.845556E-1	7.329016E-1
7.012556E-1	7.328014E-1
7.179556E-1	7.325638E-1
7.346556E-1	7.322433E-1
7.513556E-1	7.320053E-1
7.680556E-1	7.320684E-1
7.847556E-1	7.319948E-1
8.014556E-1	7.320805E-1
8.181556E-1	7.320093E-1
8.348556E-1	7.317502E-1
8.515556E-1	7.314934E-1
8.682556E-1	7.311941E-1
8.849556E-1	7.311973E-1
9.016556E-1	7.309408E-1
9.183556E-1	7.308690E-1
9.350556E-1	7.306331E-1
9.517556E-1	7.304606E-1
9.684556E-1	7.302094E-1
9.851556E-1	7.299842E-1
1.018500E0	7.297761E-1
1.035200E0	7.297089E-1
1.051900E0	7.295069E-1
1.068600E0	7.294182E-1
1.085300E0	7.288920E-1
1.102000E0	7.289031E-1
1.118700E0	7.288752E-1
1.135400E0	7.288122E-1
1.152100E0	7.284329E-1
1.168800E0	7.281804E-1
1.185500E0	7.281307E-1
1.218878E0	7.280608E-1
1.235567E0	7.279364E-1
1.252256E0	7.275608E-1
1.268944E0	7.275112E-1
1.285633E0	7.270917E-1
1.302322E0	7.271124E-1
1.319011E0	7.270775E-1
1.335700E0	7.270084E-1
1.352389E0	7.269003E-1
1.369078E0	7.267764E-1
1.385767E0	7.265457E-1
1.402456E0	7.263088E-1
1.419144E0	7.261758E-1
1.435833E0	7.258876E-1
1.452633E0	7.258438E-1
1.469333E0	7.256949E-1
1.486033E0	7.255285E-1
1.502733E0	7.252716E-1
1.519433E0	7.252024E-1
1.536133E0	7.248403E-1
1.552833E0	7.248540E-1
1.569533E0	7.245115E-1
1.586233E0	7.243426E-1
1.602933E0	7.241064E-1
1.619633E0	7.240438E-1
1.636333E0	7.238486E-1
1.653033E0	7.234916E-1
1.669733E0	7.231962E-1
1.686433E0	7.229359E-1
1.703133E0	7.225993E-1
1.719833E0	7.225072E-1
1.736533E0	7.221814E-1
1.753233E0	7.219833E-1
1.769933E0	7.218413E-1
1.786633E0	7.216408E-1
1.803333E0	7.215535E-1
1.820033E0	7.210237E-1
1.836733E0	7.207376E-1
1.853433E0	7.207149E-1
1.870133E0	7.205010E-1
1.886833E0	7.202938E-1
1.903533E0	7.199482E-1
1.920233E0	7.198021E-1
1.936933E0	7.197044E-1
1.953633E0	7.195458E-1
1.970333E0	7.194544E-1
1.987033E0	7.192198E-1
2.003733E0	7.188152E-1
2.020433E0	7.187351E-1
2.037133E0	7.185725E-1
2.053833E0	7.181645E-1
2.070433E0	7.180735E-1
2.087033E0	7.179527E-1
2.103833E0	7.177216E-1
2.120533E0	7.175022E-1
2.137233E0	7.172912E-1
2.153933E0	7.171337E-1
2.170633E0	7.168801E-1
2.187333E0	7.168489E-1
2.204033E0	7.166223E-1
2.220733E0	7.164948E-1
2.237433E0	7.163157E-1
2.254133E0	7.160862E-1
2.287511E0	7.156540E-1
2.304200E0	7.152984E-1
2.320889E0	7.151824E-1
2.337578E0	7.149444E-1
2.354267E0	7.146720E-1
2.370956E0	7.143480E-1
2.387644E0	7.142808E-1
2.404333E0	7.139446E-1
2.421022E0	7.136324E-1
2.437711E0	7.134017E-1
2.471167E0	7.127715E-1
2.487867E0	7.125600E-1
2.504567E0	7.123381E-1
2.521267E0	7.120441E-1
2.537967E0	7.117823E-1
2.554667E0	7.115902E-1
2.571367E0	7.110835E-1
2.588067E0	7.109435E-1
2.604767E0	7.108211E-1
2.638144E0	7.102015E-1
2.654844E0	7.098955E-1
2.671544E0	7.097468E-1
2.688244E0	7.093272E-1
2.704944E0	7.092001E-1
2.721644E0	7.091097E-1
2.738344E0	7.089850E-1
2.755044E0	7.084634E-1
2.771744E0	7.083038E-1
2.805122E0	7.080289E-1
2.821822E0	7.075696E-1
2.838522E0	7.074685E-1
2.855222E0	7.071987E-1
2.871922E0	7.068777E-1
2.888622E0	7.067504E-1
2.905322E0	7.064428E-1
2.922022E0	7.062830E-1
2.938722E0	7.060059E-1
2.955422E0	7.056655E-1
2.972122E0	7.055396E-1
2.988822E0	7.053465E-1
3.005522E0	7.050454E-1
3.038900E0	7.044906E-1
3.055589E0	7.042207E-1
3.072278E0	7.040522E-1
3.088967E0	7.036884E-1
3.105656E0	7.034321E-1
3.122344E0	7.029793E-1
3.139033E0	7.026204E-1
3.155722E0	7.025341E-1
3.172411E0	7.021565E-1
3.189100E0	7.018425E-1
3.205789E0	7.015143E-1
3.222478E0	7.011744E-1
3.239167E0	7.009069E-1
3.255856E0	7.005094E-1
3.272544E0	7.001697E-1
3.289233E0	6.999136E-1
3.305922E0	6.996688E-1
3.322722E0	6.992674E-1
3.339422E0	6.989459E-1
3.356122E0	6.986867E-1
3.372822E0	6.984610E-1
3.389522E0	6.982319E-1
3.406222E0	6.978045E-1
3.422922E0	6.974324E-1
3.439622E0	6.971621E-1
3.456322E0	6.967496E-1
3.473022E0	6.965315E-1
3.489722E0	6.963100E-1
3.506422E0	6.959669E-1
3.523122E0	6.954930E-1
3.539822E0	6.952249E-1
3.556522E0	6.949501E-1
3.573222E0	6.948130E-1
3.589922E0	6.946711E-1
3.606622E0	6.944298E-1
3.623322E0	6.940848E-1
3.640022E0	6.937206E-1
3.656722E0	6.936558E-1
3.673422E0	6.933283E-1
3.690122E0	6.931127E-1
3.706822E0	6.928737E-1
3.740178E0	6.921358E-1
3.756878E0	6.919438E-1
3.773578E0	6.915915E-1
3.790278E0	6.911702E-1
3.806978E0	6.909753E-1
3.823678E0	6.904842E-1
3.840378E0	6.901799E-1
3.857078E0	6.899928E-1
3.873778E0	6.895022E-1
3.890478E0	6.892842E-1
3.907178E0	6.890923E-1
3.923878E0	6.888083E-1
3.940578E0	6.884120E-1
3.957278E0	6.882319E-1
3.973978E0	6.878016E-1
3.990678E0	6.874571E-1
4.007378E0	6.871035E-1
4.024078E0	6.866254E-1
4.040778E0	6.862587E-1
4.057478E0	6.858090E-1
4.074178E0	6.854822E-1
4.090878E0	6.852479E-1
4.107578E0	6.847898E-1
4.124278E0	6.845675E-1
4.140978E0	6.842696E-1
4.157678E0	6.839608E-1
4.174378E0	6.837269E-1
4.191078E0	6.834663E-1
4.207778E0	6.831433E-1
4.224478E0	6.826647E-1
4.241178E0	6.819675E-1
4.257878E0	6.818823E-1
4.274578E0	6.817090E-1
4.291278E0	6.811667E-1
4.307978E0	6.810395E-1
4.324678E0	6.806962E-1
4.357978E0	6.800873E-1
4.374678E0	6.798301E-1
4.391378E0	6.794121E-1
4.408078E0	6.792427E-1
4.424778E0	6.788037E-1
4.441478E0	6.786367E-1
4.458178E0	6.783579E-1
4.474878E0	6.782149E-1
4.491578E0	6.777054E-1
4.524956E0	6.769854E-1
4.541656E0	6.767861E-1
4.558356E0	6.762976E-1
4.591756E0	6.759011E-1
4.608444E0	6.755553E-1
4.625133E0	6.754760E-1
4.641822E0	6.752238E-1
4.658511E0	6.747959E-1
4.675200E0	6.742987E-1
4.691889E0	6.741606E-1
4.708578E0	6.738399E-1
4.725267E0	6.735791E-1
4.741956E0	6.733328E-1
4.758644E0	6.730282E-1
4.775333E0	6.726267E-1
4.792022E0	6.723597E-1
4.808711E0	6.718328E-1
4.825511E0	6.715275E-1
4.842200E0	6.712535E-1
4.858889E0	6.708691E-1
4.875578E0	6.705484E-1
4.892267E0	6.701908E-1
4.908956E0	6.698836E-1
4.925644E0	6.696256E-1
4.942333E0	6.691452E-1
4.959022E0	6.688550E-1
4.992478E0	6.679483E-1
5.025933E0	6.672465E-1
5.042567E0	6.670900E-1
5.059200E0	6.665512E-1
5.075967E0	6.661792E-1
5.092733E0	6.658152E-1
5.109356E0	6.653943E-1
5.125978E0	6.651841E-1
5.142756E0	6.646200E-1
5.159533E0	6.643096E-1
5.176144E0	6.639293E-1
5.192756E0	6.636436E-1
5.209544E0	6.633307E-1
5.226333E0	6.627261E-1
5.242944E0	6.625763E-1
5.259556E0	6.619691E-1
5.293022E0	6.614316E-1
5.309722E0	6.609761E-1
5.326422E0	6.607699E-1
5.343122E0	6.603513E-1
5.359822E0	6.601148E-1
5.376522E0	6.598167E-1
5.393222E0	6.594538E-1
5.409922E0	6.590682E-1
5.426622E0	6.587164E-1
5.443322E0	6.583057E-1
5.460022E0	6.581356E-1
5.476722E0	6.579332E-1
5.493422E0	6.574489E-1
5.510122E0	6.571326E-1
5.526822E0	6.567656E-1
5.543522E0	6.564611E-1
5.560222E0	6.561764E-1
5.576922E0	6.557639E-1
5.593622E0	6.555787E-1
5.610322E0	6.550842E-1
5.627022E0	6.546764E-1
5.643722E0	6.544284E-1
5.660422E0	6.540771E-1
5.677122E0	6.537187E-1
5.693822E0	6.534264E-1
5.710522E0	6.529762E-1
5.727222E0	6.526986E-1
5.743922E0	6.522685E-1
5.760622E0	6.518556E-1
5.777322E0	6.514791E-1
5.794022E0	6.511141E-1
5.810722E0	6.508471E-1
5.827422E0	6.503009E-1
5.844122E0	6.499405E-1
5.860822E0	6.494455E-1
5.877522E0	6.490635E-1
5.894222E0	6.485110E-1
5.910922E0	6.482425E-1
5.927522E0	6.477904E-1
5.944122E0	6.474253E-1
5.960922E0	6.470484E-1
5.977622E0	6.464490E-1
5.994322E0	6.461591E-1
6.011022E0	6.457136E-1
6.027722E0	6.454011E-1
6.044422E0	6.448492E-1
6.061122E0	6.444217E-1
6.077822E0	6.439601E-1
6.094522E0	6.434804E-1
6.111222E0	6.431033E-1
6.127922E0	6.428319E-1
6.144622E0	6.422596E-1
6.161322E0	6.420220E-1
6.178022E0	6.416354E-1
6.194722E0	6.411547E-1
6.211422E0	6.407492E-1
6.228122E0	6.403121E-1
6.244822E0	6.401307E-1
6.278178E0	6.393608E-1
6.294878E0	6.389027E-1
6.311578E0	6.385573E-1
6.328278E0	6.382623E-1
6.344978E0	6.378422E-1
6.361678E0	6.375406E-1
6.378378E0	6.371959E-1
6.395078E0	6.367110E-1
6.411778E0	6.363827E-1
6.428478E0	6.359567E-1
6.445178E0	6.355701E-1
6.461878E0	6.350675E-1
6.478578E0	6.347947E-1
6.495278E0	6.343398E-1
6.511978E0	6.341112E-1
6.528678E0	6.335399E-1
6.545378E0	6.332186E-1
6.562078E0	6.329961E-1
6.578778E0	6.325266E-1
6.595478E0	6.322785E-1
6.612178E0	6.316773E-1
6.628878E0	6.313245E-1
6.645578E0	6.310817E-1
6.662278E0	6.305582E-1
6.678978E0	6.302196E-1
6.695678E0	6.296263E-1
6.712378E0	6.293940E-1
6.729078E0	6.288072E-1
6.745778E0	6.284588E-1
6.762478E0	6.279687E-1
6.779178E0	6.276393E-1
6.795878E0	6.270947E-1
6.812578E0	6.267287E-1
6.829278E0	6.261886E-1
6.845978E0	6.258432E-1
6.862678E0	6.252811E-1
6.879378E0	6.249759E-1
6.896078E0	6.243865E-1
6.912778E0	6.241323E-1
6.929478E0	6.234868E-1
6.946178E0	6.231645E-1
6.962878E0	6.226412E-1
6.979578E0	6.223210E-1
6.996278E0	6.218083E-1
7.029600E0	6.210228E-1
7.046300E0	6.205798E-1
7.063000E0	6.201843E-1
7.079700E0	6.196463E-1
7.096400E0	6.192103E-1
7.113100E0	6.188506E-1
7.129800E0	6.185316E-1
7.146500E0	6.180502E-1
7.163200E0	6.176744E-1
7.179900E0	6.172142E-1
7.196600E0	6.168305E-1
7.213300E0	6.163978E-1
7.230000E0	6.160569E-1
7.246700E0	6.155938E-1
7.263400E0	6.151897E-1
7.280100E0	6.147348E-1
7.296800E0	6.143531E-1
7.313500E0	6.140517E-1
7.330200E0	6.135538E-1
7.346900E0	6.132903E-1
7.363600E0	6.129139E-1
7.396944E0	6.121148E-1
7.413644E0	6.117301E-1
7.430344E0	6.113492E-1
7.447044E0	6.108693E-1
7.463744E0	6.104204E-1
7.480444E0	6.099944E-1
7.497144E0	6.096321E-1
7.513844E0	6.091988E-1
7.530544E0	6.088227E-1
7.547244E0	6.083701E-1
7.563944E0	6.081171E-1
7.580644E0	6.076511E-1
7.597344E0	6.071889E-1
7.614044E0	6.068316E-1
7.630744E0	6.063933E-1
7.664111E0	6.054905E-1
7.680811E0	6.049098E-1
7.697511E0	6.045729E-1
7.714211E0	6.041245E-1
7.730911E0	6.036940E-1
7.764300E0	6.026910E-1
7.781000E0	6.022942E-1
7.797700E0	6.018429E-1
7.814400E0	6.014347E-1
7.831100E0	6.010093E-1
7.847800E0	6.005027E-1
7.864500E0	5.999489E-1
7.881200E0	5.994422E-1
7.897900E0	5.990994E-1
7.914600E0	5.986878E-1
7.931300E0	5.982455E-1
7.948000E0	5.978386E-1
7.964700E0	5.972751E-1
7.981400E0	5.968195E-1
7.998100E0	5.963600E-1
8.014800E0	5.959585E-1
8.031500E0	5.954875E-1
8.048200E0	5.951284E-1
8.064900E0	5.945846E-1
8.098256E0	5.936605E-1
8.114956E0	5.932785E-1
8.131656E0	5.928564E-1
8.148356E0	5.924808E-1
8.181744E0	5.915323E-1
8.198444E0	5.909902E-1
8.215144E0	5.906055E-1
8.231844E0	5.901071E-1
8.248544E0	5.897736E-1
8.265244E0	5.893351E-1
8.298622E0	5.884121E-1
8.315322E0	5.879490E-1
8.332022E0	5.874970E-1
8.348722E0	5.871264E-1
8.365422E0	5.867365E-1
8.382122E0	5.863348E-1
8.398822E0	5.857474E-1
8.415522E0	5.852245E-1
8.432222E0	5.848088E-1
8.448922E0	5.843895E-1
8.465622E0	5.839615E-1
8.482322E0	5.835839E-1
8.499022E0	5.830923E-1
8.515722E0	5.826389E-1
8.532422E0	5.820627E-1
8.549122E0	5.817296E-1
8.565822E0	5.813399E-1
8.582522E0	5.808845E-1
8.599222E0	5.803954E-1
8.615922E0	5.798386E-1
8.632622E0	5.793743E-1
8.665978E0	5.785569E-1
8.682678E0	5.781686E-1
8.699378E0	5.776491E-1
8.716078E0	5.772119E-1
8.732778E0	5.766998E-1
8.749478E0	5.762519E-1
8.766178E0	5.757500E-1
8.782878E0	5.753737E-1
8.799578E0	5.749798E-1
8.816278E0	5.743887E-1
8.832978E0	5.739513E-1
8.849678E0	5.734161E-1
8.866378E0	5.729659E-1
8.883078E0	5.724460E-1
8.899778E0	5.719394E-1
8.916478E0	5.714788E-1
8.933178E0	5.708411E-1
8.949878E0	5.704295E-1
8.966578E0	5.698170E-1
8.983278E0	5.694783E-1
8.999978E0	5.689748E-1
9.016678E0	5.686296E-1
9.050022E0	5.675737E-1
9.066722E0	5.670184E-1
9.083422E0	5.664488E-1
9.100122E0	5.660694E-1
9.133511E0	5.650538E-1
9.150211E0	5.644351E-1
9.166911E0	5.640925E-1
9.183611E0	5.634759E-1
9.200311E0	5.632010E-1
9.217011E0	5.625826E-1
9.233711E0	5.622923E-1
9.250411E0	5.616438E-1
9.267111E0	5.611407E-1
9.283811E0	5.606592E-1
9.300511E0	5.602463E-1
9.317211E0	5.597686E-1
9.350578E0	5.588380E-1
9.367278E0	5.582687E-1
9.383978E0	5.578953E-1
9.400678E0	5.573628E-1
9.417378E0	5.570358E-1
9.434078E0	5.564670E-1
9.450778E0	5.560665E-1
9.467478E0	5.555298E-1
9.484178E0	5.550896E-1
9.500878E0	5.544691E-1
9.517578E0	5.541490E-1
9.534278E0	5.535066E-1
9.550978E0	5.531457E-1
9.567678E0	5.526413E-1
9.584378E0	5.520622E-1
9.601078E0	5.516716E-1
9.617778E0	5.511838E-1
9.634478E0	5.508262E-1
9.651178E0	5.501059E-1
9.667878E0	5.497919E-1
9.684578E0	5.492671E-1
9.701278E0	5.489068E-1
9.717978E0	5.482888E-1
9.734678E0	5.479784E-1
9.751378E0	5.473102E-1
9.768078E0	5.470232E-1
9.784778E0	5.463829E-1
9.801478E0	5.459080E-1
9.818178E0	5.454336E-1
9.834878E0	5.449657E-1
9.851578E0	5.445116E-1
9.868278E0	5.440730E-1
9.884978E0	5.435495E-1
9.901678E0	5.429116E-1
9.918378E0	5.424491E-1
9.935078E0	5.419596E-1
9.951778E0	5.415431E-1
9.968478E0	5.409952E-1
9.985178E0	5.404401E-1
1.000188E1	5.399889E-1
1.001858E1	5.394610E-1
1.003528E1	5.390285E-1
1.005198E1	5.385724E-1
1.006868E1	5.380593E-1
1.008538E1	5.374922E-1
1.010198E1	5.369222E-1
1.011858E1	5.364392E-1
1.013538E1	5.359760E-1
1.015208E1	5.355295E-1
1.016878E1	5.350225E-1
1.018548E1	5.346451E-1
1.020218E1	5.340448E-1
1.021888E1	5.334473E-1
1.026896E1	5.319941E-1
1.028566E1	5.314659E-1
1.030236E1	5.309365E-1
1.031906E1	5.303556E-1
1.033576E1	5.298746E-1
1.035246E1	5.293117E-1
1.036916E1	5.287445E-1
1.038586E1	5.284342E-1
1.040256E1	5.278545E-1
1.041926E1	5.273105E-1
1.043596E1	5.268279E-1
1.045266E1	5.262589E-1
1.046936E1	5.257446E-1
1.048606E1	5.253361E-1
1.050276E1	5.249420E-1
1.051946E1	5.243586E-1
1.053616E1	5.239278E-1
1.055286E1	5.234418E-1
1.056956E1	5.229880E-1
1.058626E1	5.224783E-1
1.060296E1	5.220276E-1
1.061966E1	5.215770E-1
1.063636E1	5.213100E-1
1.065306E1	5.207485E-1
1.066976E1	5.203022E-1
1.068646E1	5.197227E-1
1.070316E1	5.192642E-1
1.071986E1	5.187071E-1
1.073656E1	5.182064E-1
1.075326E1	5.177142E-1
1.076996E1	5.170866E-1
1.078666E1	5.167037E-1
1.080336E1	5.162491E-1
1.082006E1	5.158284E-1
1.083676E1	5.152229E-1
1.085346E1	5.148544E-1
1.087016E1	5.142851E-1
1.088686E1	5.138530E-1
1.090356E1	5.132607E-1
1.092016E1	5.125617E-1
1.093676E1	5.122948E-1
1.095356E1	5.116625E-1
1.097026E1	5.112063E-1
1.098696E1	5.106488E-1
1.102034E1	5.096260E-1
1.105373E1	5.087008E-1
1.107044E1	5.080431E-1
1.108716E1	5.076229E-1
1.110387E1	5.069995E-1
1.112058E1	5.063961E-1
1.113729E1	5.059327E-1
1.115400E1	5.053577E-1
1.117071E1	5.050816E-1
1.118732E1	5.044068E-1
1.120393E1	5.040578E-1
1.122072E1	5.033734E-1
1.123751E1	5.027406E-1
1.125411E1	5.023103E-1
1.127071E1	5.015689E-1
1.128751E1	5.012535E-1
1.130421E1	5.006645E-1
1.132091E1	5.002401E-1
1.133761E1	4.997109E-1
1.135431E1	4.991506E-1
1.137101E1	4.986539E-1
1.138771E1	4.980469E-1
1.140441E1	4.977487E-1
1.142111E1	4.970445E-1
1.143781E1	4.965967E-1
1.145451E1	4.960925E-1
1.147121E1	4.954349E-1
1.148791E1	4.951587E-1
1.150461E1	4.944590E-1
1.152131E1	4.939156E-1
1.153801E1	4.934913E-1
1.155471E1	4.929772E-1
1.157141E1	4.925107E-1
1.158811E1	4.919255E-1
1.160481E1	4.915456E-1
1.162151E1	4.908805E-1
1.163821E1	4.904796E-1
1.165491E1	4.898857E-1
1.167161E1	4.893077E-1
1.168831E1	4.888094E-1
1.170501E1	4.882978E-1
1.172171E1	4.879045E-1
1.173841E1	4.872485E-1
1.175511E1	4.868563E-1
1.177181E1	4.862428E-1
1.178851E1	4.857965E-1
1.180521E1	4.853767E-1
1.182191E1	4.847960E-1
1.183861E1	4.844042E-1
1.185531E1	4.837757E-1
1.187201E1	4.833140E-1
1.188871E1	4.827321E-1
1.190541E1	4.823131E-1
1.192211E1	4.817410E-1
1.193881E1	4.811710E-1
1.197212E1	4.802013E-1
1.198881E1	4.798435E-1
1.200550E1	4.792427E-1
1.202219E1	4.787616E-1
1.203888E1	4.782318E-1
1.205557E1	4.776361E-1
1.208900E1	4.766063E-1
1.210570E1	4.761124E-1
1.212240E1	4.755322E-1
1.213910E1	4.750576E-1
1.215580E1	4.746687E-1
1.217250E1	4.741234E-1
1.218920E1	4.735316E-1
1.220590E1	4.730579E-1
1.223928E1	4.719262E-1
1.225598E1	4.714176E-1
1.228938E1	4.703605E-1
1.230607E1	4.698012E-1
1.232276E1	4.692833E-1
1.233944E1	4.687136E-1
1.235613E1	4.682620E-1
1.237282E1	4.677117E-1
1.238951E1	4.671842E-1
1.240620E1	4.666348E-1
1.242289E1	4.660017E-1
1.243958E1	4.654292E-1
1.245627E1	4.649483E-1
1.247296E1	4.642746E-1
1.248964E1	4.639518E-1
1.250633E1	4.632280E-1
1.252313E1	4.627669E-1
1.253983E1	4.622566E-1
1.255653E1	4.615649E-1
1.257323E1	4.612232E-1
1.258993E1	4.605226E-1
1.260663E1	4.601623E-1
1.262333E1	4.595079E-1
1.264003E1	4.588030E-1
1.265673E1	4.585838E-1
1.267343E1	4.578356E-1
1.269013E1	4.573946E-1
1.270683E1	4.568692E-1
1.272353E1	4.562175E-1
1.274023E1	4.558619E-1
1.275693E1	4.551757E-1
1.277363E1	4.548502E-1
1.279033E1	4.541651E-1
1.280703E1	4.535923E-1
1.282373E1	4.532103E-1
1.284043E1	4.525305E-1
1.285713E1	4.521347E-1
1.287383E1	4.514964E-1
1.289053E1	4.510302E-1
1.290723E1	4.505858E-1
1.292393E1	4.499011E-1
1.294063E1	4.495152E-1
1.295733E1	4.488163E-1
1.297403E1	4.482658E-1
1.299073E1	4.478910E-1
1.302407E1	4.468509E-1
1.304076E1	4.461737E-1
1.305744E1	4.457010E-1
1.307413E1	4.452114E-1
1.309082E1	4.445321E-1
1.310751E1	4.442068E-1
1.312420E1	4.435723E-1
1.314089E1	4.431134E-1
1.315758E1	4.425685E-1
1.317427E1	4.419715E-1
1.319096E1	4.415964E-1
1.320764E1	4.409364E-1
1.322433E1	4.405001E-1
1.324113E1	4.398760E-1
1.325783E1	4.392553E-1
1.327453E1	4.388524E-1
1.329123E1	4.382601E-1
1.330793E1	4.379586E-1
1.332463E1	4.372415E-1
1.334133E1	4.367742E-1
1.335803E1	4.362384E-1
1.337473E1	4.355503E-1
1.339143E1	4.351885E-1
1.340813E1	4.345258E-1
1.342483E1	4.340660E-1
1.344153E1	4.335986E-1
1.345823E1	4.329606E-1
1.347493E1	4.325055E-1
1.349163E1	4.318231E-1
1.350833E1	4.311883E-1
1.352503E1	4.307444E-1
1.354173E1	4.301503E-1
1.355843E1	4.296828E-1
1.357513E1	4.291346E-1
1.359183E1	4.286327E-1
1.360853E1	4.280294E-1
1.362523E1	4.274703E-1
1.365858E1	4.264290E-1
1.367528E1	4.258622E-1
1.369198E1	4.253939E-1
1.370868E1	4.248359E-1
1.372538E1	4.241699E-1
1.374208E1	4.236503E-1
1.375878E1	4.232183E-1
1.377548E1	4.226826E-1
1.379218E1	4.221232E-1
1.380888E1	4.215626E-1
1.382558E1	4.209295E-1
1.384228E1	4.205020E-1
1.385898E1	4.199631E-1
1.387568E1	4.193847E-1
1.389238E1	4.188821E-1
1.390908E1	4.182956E-1
1.394244E1	4.171577E-1
1.395913E1	4.165949E-1
1.397582E1	4.161286E-1
1.399251E1	4.155524E-1
1.400920E1	4.150333E-1
1.402589E1	4.144264E-1
1.404258E1	4.137413E-1
1.405927E1	4.131717E-1
1.407596E1	4.126267E-1
1.409264E1	4.121421E-1
1.410933E1	4.116585E-1
1.412602E1	4.110369E-1
1.414271E1	4.105663E-1
1.415951E1	4.098141E-1
1.417621E1	4.093593E-1
1.419291E1	4.089243E-1
1.420961E1	4.082719E-1
1.422631E1	4.078530E-1
1.425970E1	4.064711E-1
1.427639E1	4.059799E-1
1.429308E1	4.054196E-1
1.430977E1	4.049867E-1
1.432646E1	4.044222E-1
1.434314E1	4.038422E-1
1.435983E1	4.032230E-1
1.437652E1	4.026522E-1
1.439321E1	4.020960E-1
1.440990E1	4.016392E-1
1.442659E1	4.009911E-1
1.444328E1	4.005309E-1
1.445997E1	3.999531E-1
1.447666E1	3.992077E-1
1.449346E1	3.988320E-1
1.451016E1	3.982436E-1
1.452686E1	3.977391E-1
1.454356E1	3.972540E-1
1.456026E1	3.965854E-1
1.457696E1	3.960173E-1
1.459366E1	3.954669E-1
1.461036E1	3.949361E-1
1.462706E1	3.944031E-1
1.464376E1	3.938330E-1
1.466046E1	3.931992E-1
1.467716E1	3.927436E-1
1.469386E1	3.920059E-1
1.471056E1	3.915283E-1
1.472726E1	3.910043E-1
1.474396E1	3.903936E-1
1.476066E1	3.898864E-1
1.479402E1	3.885768E-1
1.481072E1	3.881067E-1
1.482742E1	3.874699E-1
1.484412E1	3.870188E-1
1.486082E1	3.864930E-1
1.487752E1	3.858720E-1
1.489422E1	3.852868E-1
1.491092E1	3.847539E-1
1.492762E1	3.841431E-1
1.494432E1	3.836805E-1
1.496102E1	3.829953E-1
1.497772E1	3.824872E-1
1.499442E1	3.819350E-1
1.501112E1	3.812252E-1
1.504449E1	3.802199E-1
1.506119E1	3.795226E-1
1.507789E1	3.790920E-1
1.509459E1	3.783560E-1
1.511129E1	3.776786E-1
1.512799E1	3.772973E-1
1.514469E1	3.765955E-1
1.516139E1	3.760339E-1
1.517809E1	3.755462E-1
1.519479E1	3.747738E-1
1.521149E1	3.741425E-1
1.524487E1	3.730047E-1
1.526156E1	3.725285E-1
1.527824E1	3.719597E-1
1.529493E1	3.712692E-1
1.531162E1	3.706799E-1
1.532831E1	3.701141E-1
1.534500E1	3.694551E-1
1.536169E1	3.689745E-1
1.537838E1	3.683527E-1
1.539507E1	3.678322E-1
1.541176E1	3.672935E-1
1.542844E1	3.666688E-1
1.544513E1	3.660891E-1
1.546182E1	3.655864E-1
1.547862E1	3.648888E-1
1.549532E1	3.645289E-1
1.551202E1	3.638412E-1
1.552872E1	3.631378E-1
1.554542E1	3.626761E-1
1.556212E1	3.620305E-1
1.561220E1	3.603290E-1
1.562890E1	3.596168E-1
1.564560E1	3.592418E-1
1.566230E1	3.585636E-1
1.567900E1	3.579454E-1
1.569570E1	3.575572E-1
1.571240E1	3.568509E-1
1.572910E1	3.563096E-1
1.574580E1	3.557813E-1
1.576250E1	3.551003E-1
1.577920E1	3.545713E-1
1.579590E1	3.540229E-1
1.582928E1	3.528553E-1
1.584597E1	3.522107E-1
1.586266E1	3.515889E-1
1.587934E1	3.510903E-1
1.591276E1	3.498209E-1
1.592946E1	3.493512E-1
1.594616E1	3.486668E-1
1.596286E1	3.480770E-1
1.597956E1	3.475545E-1
1.601294E1	3.463877E-1
1.602964E1	3.458185E-1
1.604634E1	3.452025E-1
1.606304E1	3.447191E-1
1.607974E1	3.440999E-1
1.609644E1	3.434070E-1
1.611314E1	3.429907E-1
1.612984E1	3.423229E-1
1.614654E1	3.416836E-1
1.616324E1	3.412498E-1
1.617994E1	3.405420E-1
1.619664E1	3.399186E-1
1.621334E1	3.394773E-1
1.623004E1	3.387661E-1
1.624674E1	3.382354E-1
1.626344E1	3.377487E-1
1.628014E1	3.370948E-1
1.631351E1	3.360623E-1
1.633020E1	3.353675E-1
1.634689E1	3.348159E-1
1.636358E1	3.342816E-1
1.638027E1	3.336057E-1
1.639696E1	3.330045E-1
1.641364E1	3.325421E-1
1.643033E1	3.318185E-1
1.644702E1	3.313969E-1
1.646371E1	3.307664E-1
1.648040E1	3.300534E-1
1.649709E1	3.295246E-1
1.651378E1	3.289180E-1
1.653058E1	3.283268E-1
1.654728E1	3.278822E-1
1.656398E1	3.271435E-1
1.659737E1	3.260737E-1
1.661407E1	3.253520E-1
1.663077E1	3.248100E-1
1.664747E1	3.243359E-1
1.666417E1	3.237026E-1
1.668087E1	3.232523E-1
1.669757E1	3.226544E-1
1.671427E1	3.219246E-1
1.673097E1	3.214503E-1
1.674767E1	3.208509E-1
1.676437E1	3.201728E-1
1.678107E1	3.197686E-1
1.679777E1	3.190975E-1
1.681447E1	3.183996E-1
1.683117E1	3.178904E-1
1.684787E1	3.172994E-1
1.686457E1	3.166230E-1
1.688127E1	3.162284E-1
1.689797E1	3.155598E-1
1.691467E1	3.148146E-1
1.693137E1	3.143945E-1
1.694807E1	3.136923E-1
1.696477E1	3.130607E-1
1.698147E1	3.126412E-1
1.699817E1	3.119360E-1
1.701487E1	3.112846E-1
1.703157E1	3.108774E-1
1.704827E1	3.101790E-1
1.706497E1	3.095580E-1
1.708167E1	3.091615E-1
1.709837E1	3.085133E-1
1.711507E1	3.079069E-1
1.713177E1	3.073917E-1
1.714847E1	3.067424E-1
1.716517E1	3.061689E-1
1.718187E1	3.056879E-1
1.719857E1	3.049889E-1
1.721527E1	3.044212E-1
1.723197E1	3.038882E-1
1.726530E1	3.026384E-1
1.728200E1	3.021839E-1
1.729870E1	3.014596E-1
1.731540E1	3.008278E-1
1.733210E1	3.003545E-1
1.736549E1	2.991288E-1
1.738219E1	2.985731E-1
1.739889E1	2.978428E-1
1.741559E1	2.972907E-1
1.746568E1	2.954403E-1
1.748237E1	2.950097E-1
1.749906E1	2.942885E-1
1.751574E1	2.937025E-1
1.753243E1	2.931902E-1
1.754912E1	2.925354E-1
1.756581E1	2.918548E-1
1.758250E1	2.913784E-1
1.759919E1	2.907132E-1
1.761588E1	2.900947E-1
1.763257E1	2.896288E-1
1.766604E1	2.884108E-1
1.768274E1	2.878220E-1
1.769944E1	2.870739E-1
1.771614E1	2.866577E-1
1.773284E1	2.860552E-1
1.774954E1	2.853210E-1
1.776624E1	2.847181E-1
1.778294E1	2.841845E-1
1.779964E1	2.835142E-1
1.781634E1	2.829532E-1
1.783304E1	2.824757E-1
1.784974E1	2.817727E-1
1.786644E1	2.811894E-1
1.788314E1	2.806528E-1
1.789984E1	2.799371E-1
1.791654E1	2.793173E-1
1.793324E1	2.789081E-1
1.794994E1	2.781254E-1
1.796664E1	2.776756E-1
1.798334E1	2.771157E-1
1.800004E1	2.763226E-1
1.801674E1	2.757438E-1
1.803344E1	2.753026E-1
1.806679E1	2.741014E-1
1.808349E1	2.735236E-1
1.810019E1	2.727883E-1
1.811689E1	2.722112E-1
1.813359E1	2.717573E-1
1.815029E1	2.709932E-1
1.816699E1	2.704563E-1
1.818369E1	2.699296E-1
1.820039E1	2.691913E-1
1.821709E1	2.686037E-1
1.823379E1	2.681677E-1
1.825049E1	2.674015E-1
1.826719E1	2.668769E-1
1.828389E1	2.663809E-1
1.833396E1	2.645664E-1
1.835066E1	2.638859E-1
1.838404E1	2.628414E-1
1.840074E1	2.619870E-1
1.841744E1	2.613957E-1
1.843414E1	2.609895E-1
1.845084E1	2.602230E-1
1.846754E1	2.596871E-1
1.848424E1	2.592372E-1
1.850094E1	2.584219E-1
1.851764E1	2.579036E-1
1.855102E1	2.567115E-1
1.856772E1	2.561458E-1
1.858442E1	2.556415E-1
1.860112E1	2.548742E-1
1.861782E1	2.542395E-1
1.863452E1	2.537921E-1
1.865122E1	2.531069E-1
1.866792E1	2.524376E-1
1.868462E1	2.520264E-1
1.870132E1	2.513105E-1
1.871802E1	2.506847E-1
1.873472E1	2.502067E-1
1.875142E1	2.495253E-1
1.876812E1	2.487874E-1
1.880149E1	2.476990E-1
1.881819E1	2.469247E-1
1.885159E1	2.458108E-1
1.886828E1	2.451022E-1
1.888497E1	2.446082E-1
1.890166E1	2.439665E-1
1.891834E1	2.432212E-1
1.893503E1	2.426072E-1
1.895172E1	2.421655E-1
1.896841E1	2.414126E-1
1.898510E1	2.408686E-1
1.901856E1	2.395973E-1
1.903524E1	2.389073E-1
1.905193E1	2.385028E-1
1.906862E1	2.378654E-1
1.908531E1	2.370814E-1
1.910200E1	2.364759E-1
1.911869E1	2.360123E-1
1.913538E1	2.352885E-1
1.915207E1	2.345194E-1
1.916876E1	2.341364E-1
1.918544E1	2.334168E-1
1.920213E1	2.328258E-1
1.923560E1	2.315628E-1
1.925230E1	2.308972E-1
1.926900E1	2.305034E-1
1.928570E1	2.298572E-1
1.930240E1	2.290425E-1
1.933579E1	2.278685E-1
1.935249E1	2.271305E-1
1.936919E1	2.264521E-1
1.938589E1	2.261101E-1
1.943598E1	2.242065E-1
1.945267E1	2.235533E-1
1.946936E1	2.228742E-1
1.948604E1	2.223477E-1
1.951947E1	2.211880E-1
1.953616E1	2.206021E-1
1.955284E1	2.199756E-1
1.956953E1	2.193017E-1
1.958622E1	2.185841E-1
1.960291E1	2.180340E-1
1.961960E1	2.175162E-1
1.963629E1	2.168565E-1
1.965298E1	2.163046E-1
1.966967E1	2.155352E-1
1.968636E1	2.149295E-1
1.970304E1	2.143144E-1
1.971973E1	2.137637E-1
1.973642E1	2.131288E-1
1.975311E1	2.124587E-1
1.976991E1	2.119046E-1
1.978660E1	2.111697E-1
1.980329E1	2.105836E-1
1.981998E1	2.100085E-1
1.983667E1	2.094428E-1
1.985336E1	2.087029E-1
1.987004E1	2.082262E-1
1.988673E1	2.076464E-1
1.990342E1	2.068985E-1
1.992011E1	2.062966E-1
1.993680E1	2.058132E-1
1.995349E1	2.051773E-1
1.997018E1	2.045039E-1
1.998687E1	2.040315E-1
2.000367E1	2.033510E-1
2.002036E1	2.026366E-1
2.005376E1	2.014616E-1
2.007046E1	2.007620E-1
2.008716E1	2.001996E-1
2.010386E1	1.996303E-1
2.012056E1	1.989022E-1
2.013726E1	1.983474E-1
2.015396E1	1.977312E-1
2.017066E1	1.969795E-1
2.018736E1	1.964413E-1
2.020406E1	1.958338E-1
2.022076E1	1.952424E-1
2.023746E1	1.945085E-1
2.025416E1	1.938893E-1
2.028752E1	1.926427E-1
2.030422E1	1.920256E-1
2.032092E1	1.914727E-1
2.033762E1	1.907534E-1
2.035432E1	1.900197E-1
2.037102E1	1.894901E-1
2.038772E1	1.887994E-1
2.040442E1	1.881257E-1
2.042112E1	1.875882E-1
2.043782E1	1.869354E-1
2.045452E1	1.861851E-1
2.047122E1	1.856645E-1
2.048792E1	1.850496E-1
2.050462E1	1.843925E-1
2.052132E1	1.836813E-1
2.053802E1	1.830379E-1
2.055472E1	1.825733E-1
2.057142E1	1.818557E-1
2.058812E1	1.811586E-1
2.060482E1	1.806416E-1
2.062152E1	1.799212E-1
2.063822E1	1.791960E-1
2.065492E1	1.785667E-1
2.067162E1	1.780743E-1
2.068832E1	1.773821E-1
2.072169E1	1.761803E-1
2.073839E1	1.755467E-1
2.075509E1	1.747621E-1
2.077179E1	1.741384E-1
2.078849E1	1.736210E-1
2.080519E1	1.729382E-1
2.082189E1	1.721736E-1
2.083859E1	1.716768E-1
2.085529E1	1.709710E-1
2.087199E1	1.702806E-1
2.088869E1	1.696417E-1
2.090539E1	1.690854E-1
2.092209E1	1.683884E-1
2.093879E1	1.676634E-1
2.095549E1	1.670777E-1
2.097219E1	1.665532E-1
2.098889E1	1.657772E-1
2.100559E1	1.651829E-1
2.102229E1	1.646555E-1
2.103899E1	1.640131E-1
2.105569E1	1.632750E-1
2.107239E1	1.626732E-1
2.108909E1	1.620306E-1
2.110579E1	1.613025E-1
2.112249E1	1.607430E-1
2.117252E1	1.589264E-1
2.118922E1	1.583305E-1
2.120592E1	1.576654E-1
2.122262E1	1.569370E-1
2.123932E1	1.563653E-1
2.125602E1	1.557993E-1
2.127272E1	1.551055E-1
2.128942E1	1.545422E-1
2.130612E1	1.539897E-1
2.132282E1	1.532471E-1
2.133952E1	1.526564E-1
2.135622E1	1.521954E-1
2.137292E1	1.515210E-1
2.138962E1	1.508591E-1
2.140632E1	1.504050E-1
2.142302E1	1.497100E-1
2.147309E1	1.478881E-1
2.148978E1	1.471398E-1
2.150647E1	1.466757E-1
2.152316E1	1.459951E-1
2.153984E1	1.452169E-1
2.155653E1	1.447407E-1
2.157322E1	1.441706E-1
2.160666E1	1.429345E-1
2.162336E1	1.423419E-1
2.164006E1	1.416517E-1
2.165676E1	1.410507E-1
2.167346E1	1.405641E-1
2.169016E1	1.398669E-1
2.172354E1	1.387446E-1
2.174023E1	1.380366E-1
2.175692E1	1.373732E-1
2.177361E1	1.368325E-1
2.179030E1	1.362566E-1
2.180699E1	1.355171E-1
2.182368E1	1.348503E-1
2.184037E1	1.342931E-1
2.185706E1	1.336164E-1
2.187374E1	1.329292E-1
2.189043E1	1.323920E-1
2.190712E1	1.317178E-1
2.192381E1	1.310251E-1
2.194050E1	1.304598E-1
2.195730E1	1.297801E-1
2.197400E1	1.291613E-1
2.199070E1	1.285799E-1
2.200740E1	1.279524E-1
2.202410E1	1.272762E-1
2.204080E1	1.266450E-1
2.205750E1	1.260473E-1
2.207420E1	1.253211E-1
2.209090E1	1.246992E-1
2.210760E1	1.240998E-1
2.212430E1	1.235244E-1
2.214100E1	1.228667E-1
2.215770E1	1.221775E-1
2.217440E1	1.215676E-1
2.219110E1	1.209095E-1
2.220780E1	1.202308E-1
2.224116E1	1.191258E-1
2.225786E1	1.184233E-1
2.227456E1	1.177770E-1
2.229126E1	1.170727E-1
2.230796E1	1.165576E-1
2.232466E1	1.157454E-1
2.234136E1	1.150499E-1
2.235806E1	1.145510E-1
2.237476E1	1.139648E-1
2.239146E1	1.131257E-1
2.240816E1	1.125878E-1
2.242486E1	1.118596E-1
2.244156E1	1.111830E-1
2.245826E1	1.106317E-1
2.247496E1	1.099020E-1
2.249166E1	1.092679E-1
2.250836E1	1.085467E-1
2.252506E1	1.080262E-1
2.254176E1	1.073539E-1
