0.000000E0	7.044282E-1
1.670000E-2	7.041978E-1
3.340000E-2	7.039138E-1
5.010000E-2	7.037658E-1
6.680000E-2	7.035447E-1
8.350000E-2	7.032739E-1
1.002000E-1	7.030935E-1
1.169000E-1	7.028960E-1
1.336000E-1	7.027602E-1
1.503000E-1	7.025812E-1
1.670000E-1	7.023799E-1
1.837000E-1	7.021803E-1
2.004000E-1	7.020828E-1
2.171000E-1	7.019564E-1
2.338000E-1	7.017899E-1
2.505000E-1	7.016498E-1
2.672000E-1	7.016213E-1
2.839000E-1	7.015762E-1
3.006000E-1	7.015364E-1
3.173000E-1	7.013988E-1
3.340000E-1	7.013421E-1
3.507000E-1	7.012967E-1
3.674000E-1	7.013018E-1
3.841000E-1	7.013252E-1
4.008000E-1	7.012870E-1
4.175000E-1	7.011921E-1
4.342000E-1	7.012372E-1
4.509000E-1	7.012256E-1
4.676000E-1	7.012263E-1
4.843000E-1	7.012165E-1
5.010000E-1	7.010663E-1
5.177000E-1	7.008784E-1
5.344000E-1	7.006863E-1
5.677000E-1	7.005658E-1
5.844000E-1	7.004613E-1
6.178000E-1	7.000715E-1
6.344889E-1	6.998156E-1
6.511778E-1	6.996783E-1
6.678667E-1	6.994236E-1
6.845556E-1	6.992229E-1
7.012444E-1	6.988415E-1
7.179333E-1	6.985941E-1
7.346222E-1	6.983455E-1
7.513111E-1	6.979997E-1
7.680000E-1	6.977193E-1
7.846889E-1	6.975273E-1
8.013778E-1	6.971946E-1
8.180667E-1	6.968990E-1
8.347556E-1	6.966726E-1
8.515556E-1	6.962829E-1
8.682556E-1	6.960134E-1
8.849556E-1	6.958023E-1
9.016556E-1	6.956323E-1
9.183556E-1	6.952369E-1
9.350556E-1	6.950809E-1
9.517556E-1	6.948015E-1
9.851333E-1	6.942501E-1
1.001833E0	6.940909E-1
1.018533E0	6.939946E-1
1.035233E0	6.937846E-1
1.051933E0	6.934907E-1
1.068633E0	6.932776E-1
1.085333E0	6.932458E-1
1.102033E0	6.931698E-1
1.118733E0	6.930354E-1
1.135433E0	6.928703E-1
1.152133E0	6.927296E-1
1.168833E0	6.926180E-1
1.185533E0	6.924879E-1
1.202233E0	6.924099E-1
1.218933E0	6.923402E-1
1.235633E0	6.921836E-1
1.252333E0	6.919429E-1
1.269033E0	6.918020E-1
1.285733E0	6.917072E-1
1.302433E0	6.915471E-1
1.319133E0	6.914869E-1
1.335833E0	6.913369E-1
1.352533E0	6.910453E-1
1.369233E0	6.908189E-1
1.385933E0	6.906152E-1
1.402633E0	6.904549E-1
1.419333E0	6.901501E-1
1.436033E0	6.899034E-1
1.452733E0	6.896864E-1
1.469433E0	6.893887E-1
1.486133E0	6.890590E-1
1.502833E0	6.887767E-1
1.519533E0	6.884762E-1
1.536233E0	6.881763E-1
1.552933E0	6.878722E-1
1.569633E0	6.875179E-1
1.586333E0	6.871642E-1
1.603033E0	6.868453E-1
1.619733E0	6.865114E-1
1.636433E0	6.862144E-1
1.653133E0	6.859716E-1
1.669833E0	6.855598E-1
1.686533E0	6.852703E-1
1.703233E0	6.849486E-1
1.719933E0	6.845438E-1
1.736633E0	6.843382E-1
1.753333E0	6.840848E-1
1.770033E0	6.837547E-1
1.786633E0	6.833966E-1
1.803233E0	6.831606E-1
1.820033E0	6.829492E-1
1.836733E0	6.828017E-1
1.853433E0	6.826044E-1
1.870133E0	6.823964E-1
1.886833E0	6.821289E-1
1.903533E0	6.819782E-1
1.920233E0	6.817272E-1
1.936933E0	6.816326E-1
1.953633E0	6.813137E-1
1.970333E0	6.811293E-1
1.987033E0	6.809399E-1
2.003733E0	6.808818E-1
2.020433E0	6.808247E-1
2.037133E0	6.806709E-1
2.053833E0	6.803331E-1
2.070533E0	6.801217E-1
2.087233E0	6.799325E-1
2.103933E0	6.796694E-1
2.120633E0	6.794305E-1
2.137333E0	6.792645E-1
2.154033E0	6.790617E-1
2.170733E0	6.788212E-1
2.187433E0	6.785548E-1
2.204133E0	6.783670E-1
2.220833E0	6.781141E-1
2.237533E0	6.777498E-1
2.254233E0	6.774266E-1
2.270933E0	6.770615E-1
2.287633E0	6.767485E-1
2.304333E0	6.765052E-1
2.321033E0	6.760156E-1
2.354356E0	6.751899E-1
2.371056E0	6.749009E-1
2.387756E0	6.744853E-1
2.404456E0	6.741333E-1
2.421156E0	6.738222E-1
2.437856E0	6.733623E-1
2.454556E0	6.728408E-1
2.471256E0	6.722958E-1
2.487956E0	6.721358E-1
2.504656E0	6.720613E-1
2.521356E0	6.717277E-1
2.538056E0	6.710370E-1
2.554756E0	6.702216E-1
2.571456E0	6.695751E-1
2.588156E0	6.694427E-1
2.604856E0	6.695219E-1
2.621556E0	6.695571E-1
2.638256E0	6.693578E-1
2.654956E0	6.685743E-1
2.671656E0	6.677852E-1
2.688356E0	6.669866E-1
2.705056E0	6.669076E-1
2.738411E0	6.672258E-1
2.755111E0	6.668092E-1
2.771811E0	6.663994E-1
2.788511E0	6.659358E-1
2.805211E0	6.657536E-1
2.821911E0	6.656003E-1
2.838611E0	6.650968E-1
2.855311E0	6.647170E-1
2.872011E0	6.643585E-1
2.888711E0	6.641225E-1
2.905411E0	6.640232E-1
2.922111E0	6.639869E-1
2.938811E0	6.639750E-1
2.955511E0	6.636294E-1
2.972211E0	6.630752E-1
2.988911E0	6.626451E-1
3.005611E0	6.622159E-1
3.022311E0	6.620305E-1
3.039011E0	6.620083E-1
3.072367E0	6.611713E-1
3.089067E0	6.605855E-1
3.105767E0	6.602129E-1
3.139156E0	6.598691E-1
3.155856E0	6.596039E-1
3.172556E0	6.592032E-1
3.189256E0	6.584460E-1
3.205956E0	6.576701E-1
3.222656E0	6.573328E-1
3.239356E0	6.571088E-1
3.256056E0	6.568989E-1
3.272756E0	6.565988E-1
3.289456E0	6.561177E-1
3.306156E0	6.555451E-1
3.322856E0	6.550076E-1
3.339556E0	6.546790E-1
3.356256E0	6.543368E-1
3.372956E0	6.539074E-1
3.389656E0	6.533998E-1
3.406356E0	6.528579E-1
3.423056E0	6.524435E-1
3.439756E0	6.520788E-1
3.456456E0	6.519942E-1
3.473156E0	6.517587E-1
3.489856E0	6.512292E-1
3.506556E0	6.507586E-1
3.523256E0	6.502619E-1
3.539956E0	6.496712E-1
3.556656E0	6.494029E-1
3.573356E0	6.492145E-1
3.590056E0	6.489735E-1
3.606756E0	6.485540E-1
3.623456E0	6.481902E-1
3.640156E0	6.478180E-1
3.656856E0	6.474973E-1
3.673556E0	6.473436E-1
3.690256E0	6.471119E-1
3.706956E0	6.466402E-1
3.723656E0	6.463998E-1
3.740356E0	6.459546E-1
3.757056E0	6.456997E-1
3.773756E0	6.454301E-1
3.790456E0	6.452568E-1
3.807156E0	6.448182E-1
3.823856E0	6.444997E-1
3.840556E0	6.441541E-1
3.857256E0	6.438260E-1
3.873956E0	6.434584E-1
3.890656E0	6.430614E-1
3.907356E0	6.428188E-1
3.924056E0	6.424340E-1
3.940756E0	6.419805E-1
3.957456E0	6.416581E-1
3.974156E0	6.413806E-1
3.990856E0	6.410211E-1
4.007456E0	6.407031E-1
4.024056E0	6.401467E-1
4.040856E0	6.397321E-1
4.057556E0	6.391908E-1
4.074256E0	6.388976E-1
4.090956E0	6.384305E-1
4.107656E0	6.380708E-1
4.124356E0	6.374715E-1
4.141056E0	6.370617E-1
4.157756E0	6.364612E-1
4.174456E0	6.361139E-1
4.191156E0	6.357287E-1
4.207856E0	6.353197E-1
4.224556E0	6.348171E-1
4.241256E0	6.344062E-1
4.257956E0	6.338666E-1
4.274656E0	6.334391E-1
4.291356E0	6.330775E-1
4.308056E0	6.327083E-1
4.324756E0	6.321615E-1
4.341456E0	6.315324E-1
4.358156E0	6.310302E-1
4.374856E0	6.304187E-1
4.391556E0	6.300684E-1
4.408256E0	6.295834E-1
4.424956E0	6.292443E-1
4.441656E0	6.286793E-1
4.458356E0	6.282293E-1
4.475056E0	6.276797E-1
4.491756E0	6.273875E-1
4.508456E0	6.270145E-1
4.525156E0	6.265619E-1
4.541856E0	6.259723E-1
4.558556E0	6.255732E-1
4.575256E0	6.250858E-1
4.591956E0	6.247666E-1
4.608656E0	6.245374E-1
4.625356E0	6.241684E-1
4.642056E0	6.239208E-1
4.658756E0	6.234339E-1
4.675456E0	6.229444E-1
4.692156E0	6.223694E-1
4.708856E0	6.220533E-1
4.725556E0	6.217578E-1
4.742156E0	6.213329E-1
4.758756E0	6.209489E-1
4.775556E0	6.204185E-1
4.792256E0	6.201340E-1
4.808956E0	6.196422E-1
4.825656E0	6.193421E-1
4.842356E0	6.189582E-1
4.859056E0	6.184806E-1
4.875756E0	6.178995E-1
4.892456E0	6.175041E-1
4.909156E0	6.170057E-1
4.925856E0	6.166559E-1
4.942556E0	6.161629E-1
4.959256E0	6.158003E-1
4.975956E0	6.152640E-1
4.992656E0	6.147109E-1
5.009356E0	6.142856E-1
5.026056E0	6.137771E-1
5.042756E0	6.132133E-1
5.059456E0	6.127359E-1
5.076156E0	6.122086E-1
5.092856E0	6.116350E-1
5.109556E0	6.110838E-1
5.126256E0	6.105139E-1
5.142956E0	6.099974E-1
5.159656E0	6.094735E-1
5.193000E0	6.085113E-1
5.209700E0	6.079120E-1
5.226400E0	6.074306E-1
5.243100E0	6.067679E-1
5.259800E0	6.062806E-1
5.276500E0	6.059205E-1
5.293200E0	6.053785E-1
5.309900E0	6.047740E-1
5.326600E0	6.042355E-1
5.343300E0	6.035369E-1
5.360000E0	6.032074E-1
5.376700E0	6.026437E-1
5.393400E0	6.023323E-1
5.410100E0	6.016673E-1
5.426800E0	6.011351E-1
5.443500E0	6.005399E-1
5.460200E0	6.000226E-1
5.476900E0	5.997226E-1
5.493600E0	5.993800E-1
5.510300E0	5.988497E-1
5.527000E0	5.984012E-1
5.543700E0	5.979698E-1
5.560400E0	5.972821E-1
5.577100E0	5.970068E-1
5.593800E0	5.965119E-1
5.610500E0	5.961251E-1
5.627200E0	5.955957E-1
5.643900E0	5.951487E-1
5.660600E0	5.944963E-1
5.677300E0	5.942834E-1
5.694000E0	5.937422E-1
5.710700E0	5.933119E-1
5.727400E0	5.927883E-1
5.744100E0	5.923702E-1
5.760800E0	5.917920E-1
5.777500E0	5.913838E-1
5.794200E0	5.908884E-1
5.810900E0	5.905557E-1
5.827600E0	5.900831E-1
5.860911E0	5.890704E-1
5.877611E0	5.885055E-1
5.894311E0	5.881729E-1
5.927700E0	5.872468E-1
5.944400E0	5.866440E-1
5.977789E0	5.856319E-1
5.994489E0	5.851784E-1
6.011189E0	5.847145E-1
6.027889E0	5.840981E-1
6.044589E0	5.837076E-1
6.077978E0	5.826203E-1
6.111367E0	5.813963E-1
6.128078E0	5.809299E-1
6.144789E0	5.803086E-1
6.161500E0	5.797347E-1
6.178211E0	5.793161E-1
6.194922E0	5.786610E-1
6.211633E0	5.781253E-1
6.228244E0	5.776118E-1
6.244856E0	5.768745E-1
6.261644E0	5.763643E-1
6.278433E0	5.758833E-1
6.295044E0	5.751625E-1
6.311656E0	5.746779E-1
6.328433E0	5.741620E-1
6.345211E0	5.735394E-1
6.361833E0	5.731213E-1
6.378456E0	5.724870E-1
6.395222E0	5.719002E-1
6.411989E0	5.714515E-1
6.428622E0	5.708051E-1
6.445256E0	5.702512E-1
6.462011E0	5.696873E-1
6.478767E0	5.691640E-1
6.495411E0	5.687924E-1
6.512056E0	5.681482E-1
6.528811E0	5.676958E-1
6.545567E0	5.671029E-1
6.562200E0	5.666385E-1
6.578833E0	5.659943E-1
6.595600E0	5.655044E-1
6.612367E0	5.650455E-1
6.628989E0	5.644447E-1
6.645611E0	5.640279E-1
6.662389E0	5.634325E-1
6.679167E0	5.630369E-1
6.695789E0	5.625071E-1
6.712411E0	5.620266E-1
6.729167E0	5.615260E-1
6.745922E0	5.608912E-1
6.762567E0	5.603513E-1
6.779211E0	5.599468E-1
6.795856E0	5.594168E-1
6.812656E0	5.590859E-1
6.829356E0	5.584158E-1
6.846056E0	5.579410E-1
6.896144E0	5.564091E-1
6.912844E0	5.557723E-1
6.929544E0	5.552466E-1
6.946244E0	5.546281E-1
6.979633E0	5.535811E-1
6.996333E0	5.531506E-1
7.013033E0	5.526749E-1
7.029733E0	5.520512E-1
7.046433E0	5.513573E-1
7.063133E0	5.507928E-1
7.079833E0	5.501635E-1
7.096533E0	5.497132E-1
7.113233E0	5.491868E-1
7.129933E0	5.484778E-1
7.146633E0	5.478201E-1
7.163333E0	5.472612E-1
7.180033E0	5.465758E-1
7.196733E0	5.460453E-1
7.213433E0	5.455650E-1
7.230133E0	5.449287E-1
7.246833E0	5.441934E-1
7.263533E0	5.434645E-1
7.280233E0	5.429424E-1
7.296933E0	5.422864E-1
7.313633E0	5.416534E-1
7.330333E0	5.411329E-1
7.347033E0	5.404601E-1
7.363733E0	5.398340E-1
7.380433E0	5.393160E-1
7.397133E0	5.386267E-1
7.413833E0	5.379773E-1
7.430533E0	5.373500E-1
7.447233E0	5.367755E-1
7.463933E0	5.360788E-1
7.480633E0	5.354590E-1
7.497333E0	5.348040E-1
7.514033E0	5.342588E-1
7.530733E0	5.336532E-1
7.547433E0	5.330332E-1
7.564133E0	5.324580E-1
7.580833E0	5.318702E-1
7.597533E0	5.312656E-1
7.614233E0	5.306017E-1
7.630933E0	5.300394E-1
7.647633E0	5.293291E-1
7.664333E0	5.288445E-1
7.681033E0	5.282373E-1
7.697633E0	5.275377E-1
7.714233E0	5.270451E-1
7.731033E0	5.265529E-1
7.747733E0	5.259960E-1
7.764433E0	5.253364E-1
7.781133E0	5.247502E-1
7.797833E0	5.241628E-1
7.831222E0	5.229996E-1
7.847922E0	5.224039E-1
7.864622E0	5.218321E-1
7.881322E0	5.212811E-1
7.914711E0	5.200584E-1
7.931411E0	5.194991E-1
7.948111E0	5.188374E-1
7.964811E0	5.183092E-1
7.981511E0	5.177097E-1
8.014900E0	5.164603E-1
8.031589E0	5.159055E-1
8.048278E0	5.152097E-1
8.064967E0	5.147497E-1
8.081656E0	5.141743E-1
8.098344E0	5.134351E-1
8.115033E0	5.128437E-1
8.131722E0	5.122782E-1
8.148411E0	5.115306E-1
8.165100E0	5.109102E-1
8.181789E0	5.103457E-1
8.198478E0	5.096935E-1
8.215167E0	5.090279E-1
8.231967E0	5.084224E-1
8.248667E0	5.077607E-1
8.265367E0	5.071170E-1
8.282067E0	5.064677E-1
8.298767E0	5.058022E-1
8.315467E0	5.051378E-1
8.332167E0	5.044085E-1
8.348867E0	5.038271E-1
8.365567E0	5.031482E-1
8.382267E0	5.024975E-1
8.398967E0	5.018599E-1
8.415667E0	5.011508E-1
8.432367E0	5.004974E-1
8.449067E0	4.998220E-1
8.465767E0	4.990355E-1
8.482467E0	4.985293E-1
8.499167E0	4.978162E-1
8.515867E0	4.971718E-1
8.532567E0	4.964914E-1
8.565922E0	4.951545E-1
8.582622E0	4.944803E-1
8.599322E0	4.938212E-1
8.616022E0	4.932467E-1
8.632722E0	4.925047E-1
8.649422E0	4.918830E-1
8.666122E0	4.911303E-1
8.682822E0	4.905675E-1
8.699522E0	4.898540E-1
8.716222E0	4.892636E-1
8.732922E0	4.885685E-1
8.749622E0	4.879569E-1
8.766322E0	4.872918E-1
8.783022E0	4.865987E-1
8.799722E0	4.860093E-1
8.816422E0	4.853303E-1
8.833122E0	4.847441E-1
8.849822E0	4.841146E-1
8.866522E0	4.833910E-1
8.883222E0	4.827461E-1
8.899922E0	4.821520E-1
8.916622E0	4.814372E-1
8.933322E0	4.808564E-1
8.966667E0	4.795583E-1
8.983367E0	4.789097E-1
9.000067E0	4.782123E-1
9.016767E0	4.776100E-1
9.033467E0	4.769953E-1
9.050167E0	4.763953E-1
9.066867E0	4.756436E-1
9.083567E0	4.749924E-1
9.100267E0	4.743818E-1
9.116967E0	4.738003E-1
9.133667E0	4.730870E-1
9.150367E0	4.724441E-1
9.167067E0	4.717906E-1
9.183767E0	4.710800E-1
9.200467E0	4.704278E-1
9.217167E0	4.696266E-1
9.233867E0	4.689382E-1
9.250567E0	4.684590E-1
9.267267E0	4.677358E-1
9.283967E0	4.670357E-1
9.300667E0	4.662781E-1
9.317367E0	4.656390E-1
9.334067E0	4.650262E-1
9.350767E0	4.643335E-1
9.367467E0	4.635960E-1
9.384167E0	4.629237E-1
9.400867E0	4.622641E-1
9.417567E0	4.615772E-1
9.434267E0	4.608042E-1
9.450967E0	4.602036E-1
9.467667E0	4.595551E-1
9.484367E0	4.588035E-1
9.501067E0	4.581240E-1
9.517767E0	4.573330E-1
9.551111E0	4.559487E-1
9.567811E0	4.552377E-1
9.584511E0	4.545351E-1
9.601211E0	4.537708E-1
9.617911E0	4.529975E-1
9.634611E0	4.524319E-1
9.651311E0	4.517392E-1
9.668011E0	4.510215E-1
9.684711E0	4.502418E-1
9.701411E0	4.494532E-1
9.718111E0	4.488919E-1
9.734811E0	4.481092E-1
9.751511E0	4.474385E-1
9.784878E0	4.459415E-1
9.801578E0	4.453427E-1
9.818278E0	4.444941E-1
9.834978E0	4.437947E-1
9.851678E0	4.430658E-1
9.868378E0	4.423440E-1
9.885078E0	4.417115E-1
9.901778E0	4.409590E-1
9.935156E0	4.394878E-1
9.951856E0	4.388218E-1
9.968556E0	4.381028E-1
9.985256E0	4.373767E-1
1.000196E1	4.366606E-1
1.001866E1	4.360428E-1
1.003536E1	4.352468E-1
1.005206E1	4.346068E-1
1.006876E1	4.339666E-1
1.008546E1	4.333110E-1
1.010216E1	4.325038E-1
1.013553E1	4.310665E-1
1.016891E1	4.296806E-1
1.018562E1	4.289738E-1
1.020233E1	4.282137E-1
1.021904E1	4.276169E-1
1.023576E1	4.268557E-1
1.025247E1	4.261896E-1
1.026918E1	4.254477E-1
1.028589E1	4.246368E-1
1.030260E1	4.240335E-1
1.031920E1	4.233111E-1
1.033580E1	4.226384E-1
1.035260E1	4.218524E-1
1.036930E1	4.211294E-1
1.038600E1	4.204387E-1
1.040270E1	4.197148E-1
1.041940E1	4.190629E-1
1.043610E1	4.182310E-1
1.045280E1	4.174500E-1
1.046950E1	4.166404E-1
1.048620E1	4.159662E-1
1.050290E1	4.152487E-1
1.051960E1	4.144663E-1
1.053630E1	4.137325E-1
1.055300E1	4.130158E-1
1.056970E1	4.120930E-1
1.058640E1	4.112818E-1
1.060310E1	4.105334E-1
1.061980E1	4.098140E-1
1.063650E1	4.091177E-1
1.066986E1	4.075864E-1
1.068656E1	4.067603E-1
1.070326E1	4.059604E-1
1.071996E1	4.051754E-1
1.073666E1	4.044722E-1
1.075336E1	4.037066E-1
1.077006E1	4.029759E-1
1.078676E1	4.021896E-1
1.080346E1	4.013771E-1
1.082016E1	4.005842E-1
1.083686E1	3.997979E-1
1.085356E1	3.990724E-1
1.087026E1	3.983974E-1
1.088696E1	3.976241E-1
1.090366E1	3.968358E-1
1.092036E1	3.960820E-1
1.093706E1	3.952445E-1
1.095376E1	3.945489E-1
1.097046E1	3.938511E-1
1.098716E1	3.930459E-1
1.100386E1	3.922879E-1
1.102056E1	3.915573E-1
1.103726E1	3.907164E-1
1.105396E1	3.899665E-1
1.107066E1	3.892590E-1
1.108736E1	3.885165E-1
1.110406E1	3.877762E-1
1.112076E1	3.870084E-1
1.113746E1	3.862466E-1
1.115416E1	3.854641E-1
1.120419E1	3.833513E-1
1.122088E1	3.825644E-1
1.123757E1	3.817884E-1
1.125426E1	3.810323E-1
1.127094E1	3.802863E-1
1.128763E1	3.796111E-1
1.130432E1	3.788858E-1
1.132101E1	3.781475E-1
1.133770E1	3.774030E-1
1.135439E1	3.765956E-1
1.137108E1	3.757999E-1
1.138777E1	3.750876E-1
1.140446E1	3.743836E-1
1.142114E1	3.736524E-1
1.143783E1	3.729864E-1
1.145463E1	3.721350E-1
1.147132E1	3.713293E-1
1.148801E1	3.706205E-1
1.150470E1	3.698521E-1
1.152139E1	3.692102E-1
1.153808E1	3.684745E-1
1.155477E1	3.676901E-1
1.157146E1	3.669195E-1
1.158814E1	3.661274E-1
1.160483E1	3.653783E-1
1.162152E1	3.646403E-1
1.163821E1	3.639184E-1
1.165490E1	3.631583E-1
1.167159E1	3.624283E-1
1.168828E1	3.615491E-1
1.170508E1	3.607066E-1
1.172177E1	3.598660E-1
1.173846E1	3.590967E-1
1.175514E1	3.584156E-1
1.177183E1	3.576646E-1
1.180526E1	3.559289E-1
1.182196E1	3.551840E-1
1.185536E1	3.535469E-1
1.187206E1	3.526546E-1
1.188876E1	3.518930E-1
1.190546E1	3.509919E-1
1.192216E1	3.501687E-1
1.193886E1	3.494728E-1
1.195556E1	3.486748E-1
1.197226E1	3.478476E-1
1.198896E1	3.470220E-1
1.200566E1	3.461745E-1
1.202236E1	3.454191E-1
1.203906E1	3.446429E-1
1.205576E1	3.437108E-1
1.207246E1	3.429315E-1
1.208916E1	3.420531E-1
1.210586E1	3.412107E-1
1.212256E1	3.404309E-1
1.213926E1	3.397232E-1
1.215596E1	3.389387E-1
1.217266E1	3.380367E-1
1.218936E1	3.372285E-1
1.220606E1	3.364857E-1
1.222276E1	3.356871E-1
1.223946E1	3.349016E-1
1.225616E1	3.340240E-1
1.227286E1	3.331873E-1
1.228956E1	3.323515E-1
1.230626E1	3.316237E-1
1.232296E1	3.308257E-1
1.233966E1	3.300701E-1
1.235636E1	3.291989E-1
1.237306E1	3.283718E-1
1.238976E1	3.276435E-1
1.240646E1	3.268682E-1
1.242316E1	3.260819E-1
1.243986E1	3.252359E-1
1.245656E1	3.243492E-1
1.247326E1	3.234377E-1
1.248996E1	3.226517E-1
1.250666E1	3.220723E-1
1.252336E1	3.212541E-1
1.254006E1	3.204537E-1
1.255676E1	3.197363E-1
1.257346E1	3.189497E-1
1.259016E1	3.180950E-1
1.260686E1	3.172400E-1
1.262356E1	3.163694E-1
1.264026E1	3.157190E-1
1.265696E1	3.149818E-1
1.267366E1	3.140787E-1
1.269036E1	3.133938E-1
1.272366E1	3.118545E-1
1.274036E1	3.110899E-1
1.275706E1	3.101445E-1
1.277376E1	3.092915E-1
1.279046E1	3.085628E-1
1.280716E1	3.077847E-1
1.282386E1	3.070649E-1
1.285724E1	3.054586E-1
1.287393E1	3.047093E-1
1.289062E1	3.039823E-1
1.290731E1	3.030810E-1
1.292400E1	3.021434E-1
1.294069E1	3.013772E-1
1.295738E1	3.004558E-1
1.297407E1	2.996991E-1
1.299076E1	2.989053E-1
1.300744E1	2.981348E-1
1.302413E1	2.973008E-1
1.304082E1	2.964222E-1
1.305751E1	2.954820E-1
1.307431E1	2.946162E-1
1.309101E1	2.937259E-1
1.310771E1	2.928319E-1
1.312441E1	2.919373E-1
1.314111E1	2.910703E-1
1.315781E1	2.904269E-1
1.317451E1	2.896102E-1
1.319121E1	2.888487E-1
1.320791E1	2.879564E-1
1.322461E1	2.870668E-1
1.324131E1	2.862405E-1
1.325801E1	2.853456E-1
1.327471E1	2.844054E-1
1.329141E1	2.834816E-1
1.330811E1	2.826331E-1
1.332481E1	2.817778E-1
1.334151E1	2.808328E-1
1.335821E1	2.799061E-1
1.337491E1	2.790252E-1
1.339161E1	2.781736E-1
1.340831E1	2.772631E-1
1.342501E1	2.763598E-1
1.344171E1	2.754509E-1
1.347504E1	2.736831E-1
1.349174E1	2.727951E-1
1.350844E1	2.719468E-1
1.352514E1	2.710645E-1
1.354184E1	2.701688E-1
1.355854E1	2.692125E-1
1.357524E1	2.683376E-1
1.359194E1	2.674898E-1
1.360864E1	2.666025E-1
1.362534E1	2.657318E-1
1.364204E1	2.648159E-1
1.365874E1	2.638639E-1
1.367544E1	2.631109E-1
1.369214E1	2.621884E-1
1.370884E1	2.612937E-1
1.372554E1	2.604317E-1
1.374224E1	2.595065E-1
1.375894E1	2.587055E-1
1.377564E1	2.577395E-1
1.379234E1	2.568064E-1
1.382570E1	2.550785E-1
1.384240E1	2.542294E-1
1.385910E1	2.534099E-1
1.387580E1	2.525004E-1
1.389250E1	2.515473E-1
1.390920E1	2.507641E-1
1.392590E1	2.498364E-1
1.394260E1	2.489955E-1
1.395930E1	2.480609E-1
1.397600E1	2.471632E-1
1.399270E1	2.462840E-1
1.400940E1	2.453659E-1
1.402610E1	2.444625E-1
1.404280E1	2.436109E-1
1.405950E1	2.427562E-1
1.407620E1	2.419393E-1
1.409290E1	2.411073E-1
1.410960E1	2.401666E-1
1.412630E1	2.392210E-1
1.414300E1	2.383539E-1
1.417634E1	2.366094E-1
1.419304E1	2.359187E-1
1.420974E1	2.350655E-1
1.422644E1	2.342879E-1
1.424314E1	2.334956E-1
1.425984E1	2.324897E-1
1.427654E1	2.316551E-1
1.429324E1	2.307783E-1
1.430994E1	2.299389E-1
1.432664E1	2.290288E-1
1.434334E1	2.280867E-1
1.436004E1	2.272610E-1
1.437674E1	2.263742E-1
1.439344E1	2.254472E-1
1.441014E1	2.245678E-1
1.442684E1	2.236819E-1
1.444354E1	2.228008E-1
1.446024E1	2.219396E-1
1.447694E1	2.209630E-1
1.449364E1	2.201722E-1
1.451034E1	2.192051E-1
1.452704E1	2.183718E-1
1.454374E1	2.173786E-1
1.456044E1	2.165958E-1
1.457714E1	2.156038E-1
1.459384E1	2.147812E-1
1.461054E1	2.138819E-1
1.462724E1	2.130613E-1
1.464394E1	2.120747E-1
1.466064E1	2.111405E-1
1.467734E1	2.101318E-1
1.469404E1	2.092929E-1
1.471074E1	2.084547E-1
1.472744E1	2.075483E-1
1.474414E1	2.065048E-1
1.476084E1	2.055955E-1
1.477754E1	2.046232E-1
1.479424E1	2.037052E-1
1.481094E1	2.028004E-1
1.482764E1	2.019424E-1
1.484434E1	2.009961E-1
1.486104E1	2.000096E-1
1.487774E1	1.991009E-1
1.489444E1	1.980807E-1
1.491114E1	1.971071E-1
1.492774E1	1.962480E-1
1.494434E1	1.950757E-1
1.496114E1	1.943270E-1
1.497784E1	1.932604E-1
1.499454E1	1.921938E-1
1.501124E1	1.914159E-1
1.502794E1	1.904118E-1
1.504464E1	1.893070E-1
1.506134E1	1.885332E-1
1.507804E1	1.874487E-1
1.509474E1	1.864346E-1
1.511144E1	1.855958E-1
1.512814E1	1.843837E-1
1.514484E1	1.834711E-1
1.516154E1	1.824687E-1
1.517824E1	1.814719E-1
1.519494E1	1.806281E-1
1.521164E1	1.795664E-1
1.522834E1	1.786375E-1
1.524504E1	1.776096E-1
1.526174E1	1.766306E-1
1.527844E1	1.758151E-1
1.529514E1	1.747818E-1
1.531184E1	1.738206E-1
1.532854E1	1.730610E-1
1.534524E1	1.718663E-1
1.536194E1	1.710778E-1
1.537864E1	1.701231E-1
1.539534E1	1.691392E-1
1.541204E1	1.682601E-1
1.542874E1	1.672922E-1
1.544544E1	1.663733E-1
1.546214E1	1.653146E-1
1.547884E1	1.645330E-1
1.549554E1	1.636713E-1
1.551224E1	1.628479E-1
1.554559E1	1.611668E-1
1.556229E1	1.603019E-1
1.557899E1	1.593461E-1
1.559569E1	1.584118E-1
1.561239E1	1.575218E-1
1.562909E1	1.565948E-1
1.564579E1	1.558108E-1
1.566249E1	1.549199E-1
1.567919E1	1.539696E-1
1.569589E1	1.532342E-1
1.571259E1	1.522202E-1
1.572929E1	1.515095E-1
1.574599E1	1.504488E-1
1.576269E1	1.497180E-1
1.577939E1	1.487345E-1
1.579609E1	1.478779E-1
1.581279E1	1.470678E-1
1.582949E1	1.462713E-1
1.584619E1	1.451013E-1
1.586289E1	1.443488E-1
1.587959E1	1.435186E-1
1.589629E1	1.426501E-1
1.591299E1	1.416212E-1
1.592969E1	1.411649E-1
1.594639E1	1.399779E-1
1.596309E1	1.394423E-1
1.597979E1	1.382784E-1
1.599649E1	1.374036E-1
1.601319E1	1.364236E-1
1.602989E1	1.356181E-1
1.604659E1	1.347119E-1
1.606329E1	1.336564E-1
1.607999E1	1.327840E-1
1.609669E1	1.319780E-1
1.611339E1	1.311434E-1
1.613009E1	1.302207E-1
1.614679E1	1.293436E-1
1.616349E1	1.284791E-1
1.619684E1	1.266140E-1
1.621354E1	1.253922E-1
1.623024E1	1.247138E-1
1.624694E1	1.239302E-1
1.626364E1	1.228619E-1
1.629703E1	1.210447E-1
1.631372E1	1.200536E-1
1.633041E1	1.192073E-1
1.634710E1	1.181632E-1
1.636379E1	1.171777E-1
1.638048E1	1.162551E-1
1.639717E1	1.153126E-1
1.641386E1	1.144648E-1
1.643054E1	1.133714E-1
1.644723E1	1.122720E-1
1.646392E1	1.113180E-1
1.648061E1	1.103776E-1
