0.000000E0	8.138929E-1
1.670000E-2	8.136738E-1
3.340000E-2	8.134815E-1
5.010000E-2	8.133142E-1
6.680000E-2	8.131752E-1
8.350000E-2	8.130636E-1
1.002000E-1	8.128345E-1
1.169000E-1	8.126328E-1
1.336000E-1	8.123946E-1
1.503000E-1	8.122291E-1
1.670000E-1	8.121848E-1
1.837000E-1	8.120919E-1
2.004000E-1	8.118800E-1
2.171000E-1	8.114107E-1
2.338000E-1	8.110686E-1
2.505000E-1	8.109706E-1
2.672000E-1	8.109075E-1
2.839000E-1	8.107332E-1
3.006000E-1	8.104835E-1
3.173000E-1	8.101374E-1
3.340000E-1	8.099406E-1
3.507000E-1	8.096541E-1
3.674000E-1	8.092742E-1
3.841000E-1	8.090142E-1
4.008000E-1	8.088511E-1
4.175000E-1	8.086545E-1
4.342000E-1	8.080673E-1
4.509000E-1	8.077997E-1
4.676000E-1	8.074889E-1
4.843000E-1	8.070459E-1
5.010000E-1	8.068241E-1
5.177000E-1	8.065486E-1
5.343000E-1	8.059908E-1
5.509000E-1	8.055797E-1
5.677000E-1	8.049389E-1
5.844000E-1	8.046134E-1
6.011000E-1	8.043847E-1
6.178000E-1	8.037888E-1
6.345000E-1	8.034216E-1
6.512000E-1	8.027457E-1
6.679000E-1	8.024154E-1
6.846000E-1	8.019025E-1
7.013000E-1	8.014847E-1
7.180000E-1	8.010354E-1
7.347000E-1	8.004740E-1
7.514000E-1	8.000353E-1
7.681000E-1	7.995108E-1
7.848000E-1	7.990068E-1
8.015000E-1	7.984646E-1
8.182000E-1	7.980348E-1
8.349000E-1	7.976436E-1
8.516000E-1	7.970798E-1
8.683000E-1	7.964135E-1
8.850000E-1	7.959463E-1
9.017000E-1	7.954381E-1
9.184000E-1	7.948312E-1
9.351000E-1	7.943637E-1
9.518000E-1	7.938054E-1
9.685000E-1	7.932609E-1
9.852000E-1	7.926554E-1
1.001900E0	7.919054E-1
1.018600E0	7.915334E-1
1.035300E0	7.910979E-1
1.052000E0	7.904302E-1
1.068700E0	7.898469E-1
1.085400E0	7.893423E-1
1.102100E0	7.888118E-1
1.118800E0	7.881758E-1
1.135500E0	7.877283E-1
1.152200E0	7.871028E-1
1.168900E0	7.863520E-1
1.185600E0	7.857266E-1
1.202300E0	7.851332E-1
1.219000E0	7.846061E-1
1.235700E0	7.839040E-1
1.252400E0	7.834116E-1
1.269000E0	7.826449E-1
1.285600E0	7.818694E-1
1.302400E0	7.811998E-1
1.319100E0	7.805894E-1
1.335800E0	7.798800E-1
1.352500E0	7.792106E-1
1.369200E0	7.785809E-1
1.385900E0	7.777627E-1
1.402600E0	7.769693E-1
1.419300E0	7.762563E-1
1.436000E0	7.754528E-1
1.452700E0	7.746862E-1
1.469400E0	7.739093E-1
1.486100E0	7.730684E-1
1.502800E0	7.721675E-1
1.519500E0	7.713859E-1
1.536200E0	7.705292E-1
1.552900E0	7.698079E-1
1.569600E0	7.689023E-1
1.586300E0	7.680587E-1
1.603000E0	7.672141E-1
1.619700E0	7.663265E-1
1.636400E0	7.654778E-1
1.653100E0	7.646135E-1
1.669800E0	7.637555E-1
1.686500E0	7.628880E-1
1.703200E0	7.620272E-1
1.719900E0	7.612043E-1
1.736600E0	7.603238E-1
1.753300E0	7.593314E-1
1.770000E0	7.584772E-1
1.786700E0	7.575829E-1
1.803400E0	7.566395E-1
1.820100E0	7.558667E-1
1.836800E0	7.549529E-1
1.853500E0	7.539031E-1
1.870200E0	7.529581E-1
1.886900E0	7.521425E-1
1.903600E0	7.512611E-1
1.920300E0	7.502705E-1
1.937000E0	7.493520E-1
1.953700E0	7.483146E-1
1.970400E0	7.473006E-1
1.987100E0	7.464017E-1
2.003800E0	7.454086E-1
2.020400E0	7.443836E-1
2.037000E0	7.434889E-1
2.053800E0	7.425847E-1
2.070500E0	7.414874E-1
2.087200E0	7.404572E-1
2.103900E0	7.394953E-1
2.120600E0	7.383736E-1
2.137300E0	7.373241E-1
2.154000E0	7.361833E-1
2.170700E0	7.351042E-1
2.187400E0	7.340357E-1
2.204100E0	7.330396E-1
2.220800E0	7.318994E-1
2.237500E0	7.308219E-1
2.254200E0	7.296888E-1
2.270900E0	7.286388E-1
2.287600E0	7.275384E-1
2.304300E0	7.265164E-1
2.321000E0	7.254387E-1
2.337700E0	7.243657E-1
2.354400E0	7.232428E-1
2.371100E0	7.220832E-1
2.387800E0	7.210046E-1
2.404500E0	7.199026E-1
2.421200E0	7.188910E-1
2.437900E0	7.176939E-1
2.454600E0	7.163986E-1
2.471300E0	7.150589E-1
2.488000E0	7.139502E-1
2.504700E0	7.127066E-1
2.521400E0	7.115418E-1
2.538100E0	7.104634E-1
2.554800E0	7.092803E-1
2.571500E0	7.079667E-1
2.588200E0	7.065638E-1
2.604900E0	7.054057E-1
2.621600E0	7.041888E-1
2.638300E0	7.030303E-1
2.655000E0	7.018966E-1
2.671700E0	7.005936E-1
2.688400E0	6.992228E-1
2.705100E0	6.979131E-1
2.721800E0	6.966911E-1
2.738500E0	6.955306E-1
2.755100E0	6.943360E-1
2.771700E0	6.929875E-1
2.788500E0	6.914910E-1
2.805200E0	6.902273E-1
2.821900E0	6.890102E-1
2.838600E0	6.877175E-1
2.855300E0	6.865342E-1
2.872000E0	6.851730E-1
2.888700E0	6.837822E-1
2.905400E0	6.824051E-1
2.922100E0	6.809553E-1
2.938800E0	6.797673E-1
2.955500E0	6.785070E-1
2.972200E0	6.770986E-1
2.988900E0	6.757175E-1
3.005600E0	6.743740E-1
3.022300E0	6.728542E-1
3.039000E0	6.715428E-1
3.055700E0	6.702102E-1
3.072400E0	6.687845E-1
3.089100E0	6.674580E-1
3.105800E0	6.660151E-1
3.122500E0	6.645266E-1
3.139200E0	6.631801E-1
3.155900E0	6.618275E-1
3.172600E0	6.604527E-1
3.189300E0	6.590391E-1
3.206000E0	6.575494E-1
3.222700E0	6.560162E-1
3.239400E0	6.546410E-1
3.256100E0	6.531566E-1
3.272800E0	6.516281E-1
3.289500E0	6.502928E-1
3.306200E0	6.487948E-1
3.322900E0	6.472316E-1
3.339600E0	6.455138E-1
3.356300E0	6.440311E-1
3.373000E0	6.425976E-1
3.389700E0	6.411009E-1
3.406400E0	6.396093E-1
3.423100E0	6.379634E-1
3.439800E0	6.364271E-1
3.456500E0	6.346955E-1
3.473200E0	6.332502E-1
3.489800E0	6.316594E-1
3.506400E0	6.300578E-1
3.523200E0	6.284998E-1
3.539900E0	6.267992E-1
3.556600E0	6.252577E-1
3.573300E0	6.236243E-1
3.590000E0	6.219583E-1
3.606700E0	6.204204E-1
3.623400E0	6.187937E-1
3.640100E0	6.172273E-1
3.656800E0	6.154657E-1
3.673500E0	6.139528E-1
3.690200E0	6.122857E-1
3.706900E0	6.106245E-1
3.723600E0	6.090427E-1
3.740300E0	6.074987E-1
3.757000E0	6.057972E-1
3.773700E0	6.040270E-1
3.790400E0	6.023805E-1
3.807100E0	6.006062E-1
3.823800E0	5.989188E-1
3.840500E0	5.974129E-1
3.857200E0	5.956362E-1
3.873900E0	5.938047E-1
3.890600E0	5.920096E-1
3.907300E0	5.902912E-1
3.924000E0	5.885658E-1
3.940700E0	5.868444E-1
3.957400E0	5.849671E-1
3.974100E0	5.831476E-1
3.990800E0	5.813766E-1
4.007500E0	5.796097E-1
4.024200E0	5.777756E-1
4.040900E0	5.759759E-1
4.057600E0	5.741539E-1
4.074300E0	5.724242E-1
4.091000E0	5.705901E-1
4.107700E0	5.686818E-1
4.124400E0	5.667985E-1
4.141100E0	5.651122E-1
4.157800E0	5.631976E-1
4.174500E0	5.613872E-1
4.191200E0	5.594964E-1
4.207900E0	5.577223E-1
4.224600E0	5.557716E-1
4.241200E0	5.538532E-1
4.257800E0	5.520002E-1
4.274600E0	5.502418E-1
4.291300E0	5.483115E-1
4.308000E0	5.464093E-1
4.324700E0	5.443825E-1
4.341400E0	5.423657E-1
4.358100E0	5.404936E-1
4.374800E0	5.385677E-1
4.391500E0	5.365557E-1
4.408200E0	5.346464E-1
4.424900E0	5.326189E-1
4.441600E0	5.306026E-1
4.458300E0	5.287129E-1
4.475000E0	5.267646E-1
4.491700E0	5.247608E-1
4.508400E0	5.226962E-1
4.525100E0	5.207300E-1
4.541800E0	5.186812E-1
4.558500E0	5.166999E-1
4.575200E0	5.146202E-1
4.591900E0	5.124709E-1
4.608600E0	5.104216E-1
4.625300E0	5.084981E-1
4.642000E0	5.064042E-1
4.658700E0	5.043817E-1
4.675400E0	5.022870E-1
4.692100E0	5.001333E-1
4.708800E0	4.980307E-1
4.725500E0	4.958828E-1
4.742200E0	4.937235E-1
4.758900E0	4.915912E-1
4.775600E0	4.894424E-1
4.792300E0	4.872535E-1
4.809000E0	4.851161E-1
4.825700E0	4.830319E-1
4.842400E0	4.808645E-1
4.859100E0	4.787020E-1
4.875800E0	4.765647E-1
4.892500E0	4.743486E-1
4.909200E0	4.722410E-1
4.925900E0	4.701253E-1
4.942600E0	4.679535E-1
4.959300E0	4.657917E-1
4.975900E0	4.636189E-1
4.992500E0	4.614320E-1
5.009300E0	4.592285E-1
5.026000E0	4.570212E-1
5.042700E0	4.547129E-1
5.059400E0	4.525076E-1
5.076100E0	4.503472E-1
5.092800E0	4.481178E-1
5.109500E0	4.459316E-1
5.126200E0	4.437194E-1
5.142900E0	4.413213E-1
5.159600E0	4.389361E-1
5.176300E0	4.365946E-1
5.193000E0	4.343175E-1
5.209700E0	4.319680E-1
5.226400E0	4.297164E-1
5.243100E0	4.273238E-1
5.259800E0	4.250688E-1
5.276500E0	4.227125E-1
5.293200E0	4.203518E-1
5.309900E0	4.180044E-1
5.326600E0	4.157240E-1
5.343300E0	4.132506E-1
5.360000E0	4.108726E-1
5.376700E0	4.085772E-1
5.393400E0	4.060824E-1
5.410100E0	4.037151E-1
5.426800E0	4.013399E-1
5.443500E0	3.989292E-1
5.460200E0	3.963153E-1
5.476900E0	3.938705E-1
5.493600E0	3.914152E-1
5.510300E0	3.888230E-1
5.527000E0	3.864441E-1
5.543700E0	3.839652E-1
5.560400E0	3.812497E-1
5.577100E0	3.789071E-1
5.593800E0	3.764545E-1
5.610500E0	3.737868E-1
5.627200E0	3.713988E-1
5.643900E0	3.689426E-1
5.660600E0	3.662931E-1
5.677300E0	3.638396E-1
5.694000E0	3.611811E-1
5.710600E0	3.587063E-1
5.727200E0	3.563115E-1
5.744000E0	3.534727E-1
5.760700E0	3.508870E-1
5.777400E0	3.482858E-1
5.794100E0	3.458252E-1
5.810800E0	3.430048E-1
5.827500E0	3.404572E-1
5.844200E0	3.379183E-1
5.860900E0	3.352552E-1
5.877600E0	3.326895E-1
5.894300E0	3.299967E-1
5.911000E0	3.273127E-1
5.927700E0	3.247648E-1
5.944400E0	3.221427E-1
5.961100E0	3.193264E-1
5.977800E0	3.165716E-1
5.994500E0	3.140364E-1
6.011200E0	3.112588E-1
6.027900E0	3.086259E-1
6.044600E0	3.058828E-1
6.061300E0	3.032484E-1
6.078000E0	3.003576E-1
6.094700E0	2.976748E-1
6.111400E0	2.948611E-1
6.128100E0	2.921162E-1
6.144800E0	2.893702E-1
6.161500E0	2.864816E-1
6.178200E0	2.838458E-1
6.194900E0	2.809435E-1
6.211600E0	2.781000E-1
6.228300E0	2.754965E-1
6.245000E0	2.725313E-1
6.261700E0	2.697289E-1
6.278400E0	2.670503E-1
6.295100E0	2.640883E-1
6.311800E0	2.613955E-1
6.328500E0	2.584911E-1
6.345200E0	2.555534E-1
6.361900E0	2.527387E-1
6.378600E0	2.498920E-1
6.395300E0	2.469049E-1
6.412000E0	2.439255E-1
6.428700E0	2.411210E-1
6.445400E0	2.382316E-1
6.462000E0	2.352114E-1
6.478600E0	2.323799E-1
6.495400E0	2.295674E-1
6.512100E0	2.266637E-1
6.528800E0	2.235939E-1
6.545500E0	2.208195E-1
6.562200E0	2.180649E-1
